p,trajx_0,predx_0,trajx_1,predx_1,trajx_2,predx_2,trajx_3,predx_3,trajx_4,predx_4,trajx_5,predx_5,trajx_6,predx_6,trajx_7,predx_7,trajx_8,predx_8,trajx_9,predx_9,trajx_10,predx_10
0.3013013013013013,-36.31745261750294,-36.34423631417801,20.94119742353388,21.989535026481693,-36.49283459375595,-35.911536217098,7.602305602209123,7.315800991914476,0.5796289380416848,-0.35908769711205746,23.40309727366376,23.2839425658984,-23.62240342238207,-22.701805920393856,-9.804638285330109,-8.885648100519798,26.558730178634985,25.749827095085664,14.023343285376567,14.316181699040131,14.017635557568571,12.456069424093386
0.3023023023023023,-36.31484280419481,-36.34106760347116,20.933387236724126,21.985419682256712,-36.49244361023225,-35.90732163337214,7.60372599514857,7.320718463343285,0.5873620508972682,-0.3537168650338579,23.403905093279775,23.27968978519393,-23.624489410943298,-22.702519525418474,-9.81361736309372,-8.891016412751686,26.5613908747474,25.755357541412558,14.022736087233342,14.315480607648842,14.021495190491104,12.468413623897527
0.3033033033033033,-36.312238100046606,-36.33789668690483,20.92561325047183,21.981283358052366,-36.49203021281787,-35.903142700889,7.605147517589788,7.325620510880388,0.5950837159753276,-0.34832050006347315,23.40471720977273,23.275419166380857,-23.626539048462917,-22.703287057613814,-9.822600211963533,-8.896401084191755,26.564029060879413,25.760920925305143,14.022145076847922,14.314765303474438,14.025281081811425,12.48082239216368
0.3043043043043043,-36.309639189895655,-36.334724719179874,20.91787667219682,21.977125896695377,-36.49159471583406,-35.89900085394513,7.6065700273259855,7.330506052406795,0.6027927189402486,-0.3428986579201103,23.405533707083077,23.271130478911722,-23.628552533690986,-22.70410871362203,-9.831585459631546,-8.90180213438456,26.56664443465671,25.766516030617677,14.021570162604718,14.31403547853305,14.028993516302204,12.493290438543035
0.3053053053053053,-36.30704675403515,-36.33155286665111,20.910178686781705,21.972947151895532,-36.49113743601335,-35.89489750489382,7.607993379451329,7.335373999120636,0.610487856297078,-0.3374513931289448,23.406354672265387,23.26682349066607,-23.63053007383823,-22.70498466587979,-9.8405717394263,-8.90721957908752,26.56923669884336,25.77214159841779,14.021011248575237,14.313290830587576,14.03263280115645,12.505812388229785
0.3063063063063063,-36.30446146774881,-36.32838230508514,20.90252045586595,21.968746988509995,-36.490658692403535,-35.890834041514005,7.609417426412765,7.340223257563787,0.6181679362833802,-0.3319787590654964,23.40718019555108,23.262497967854898,-23.632471884384813,-22.705915062114524,-9.849557691239433,-8.912653430115975,26.57180556161917,25.777796328431023,14.020468234570007,14.31253106409013,14.036199265531748,12.518382793437917
0.3073073073073073,-36.30188400085166,-36.32521421734704,20.894903117172124,21.96452528278123,-36.49015880627336,-35.88681182443166,7.610842018063459,7.345052731720934,0.6258317797386425,-0.32648080800489593,23.40801037041353,23.25815367491856,-23.63437818888856,-22.70690002490092,-9.858541962438432,-8.918103695199012,26.57435073685101,25.78347888067112,14.019941016190767,14.311755891123445,14.039693260080004,12.530996145272836
0.3083083083083083,-36.2993150172376,-36.322049791026664,20.88732778386507,21.96028192254777,-36.48963810101983,-35.88283218460715,7.612267001717761,7.349861325181249,0.633478220949729,-0.3209575911759398,23.408845293635576,23.253790374419122,-23.636249218792777,-22.70793965128039,-9.86752320876414,-8.923570377846406,26.576871944357528,25.78918787725283,14.01942948488291,14.310965032336325,14.043115156463283,12.54364688593576
0.3093093093093093,-36.29675517443448,-36.31889021601622,20.87979554394493,21.95601680742708,-36.489096902077165,-35.87889642090181,7.613692222207651,7.354647943352165,0.6411061084709613,-0.3154091588198146,23.409685065379637,23.249407826928312,-23.638085213233783,-22.709034012445954,-9.87650009521174,-8.929053477226958,26.579368910166828,25.79492190438245,14.01893352798823,14.310158217868244,14.04646534685645,12.556329421195322
0.3103103103103103,-36.29420512316741,-36.315736682051096,20.872307459674527,21.951729848970057,-36.488535536827555,-35.87500579773658,7.615117521940579,7.359411495714077,0.6487143059174922,-0.30983556025335457,23.4105297892604,23.245005790912245,-23.63988641884832,-22.710183153494494,-9.885471296893916,-8.934552988058439,26.581841366766493,25.80067951451983,14.018453028797992,14.309335188258123,14.049744243437235,12.569038133058
0.3113113113113113,-36.29166550693098,-36.31259037622648,20.864864567041895,21.9474209707869,-36.48795433451349,-35.871161542854956,7.616542740958628,7.364150898104232,0.6563016927307322,-0.3042368439366811,23.41137957242024,23.240584022614197,-23.64165308958092,-22.711387093247897,-9.894435499884915,-8.940068900509262,26.584289053345582,25.806459228704053,14.017987866606305,14.308495695332455,14.052952277864444,12.581767392566794
0.3123123123123123,-36.28913696157109,-36.30945248050272,20.857467875258227,21.94309010864419,-36.48735362615184,-35.8673648452018,7.6179677169989235,7.368865075017698,0.6638671649146761,-0.2986130575450552,23.412234525607477,23.236142275936754,-23.643385486491407,-22.712645824144115,-9.9033914020444,-8.945601200111954,26.586711716028105,25.812259539033548,14.017537916763828,14.307639503067987,14.056089900745024,12.594511572656224
0.3133133133133133,-36.286620114876904,-36.306324169212346,20.850118366291852,21.93873721053331,-36.48673374444962,-35.86361685292876,7.619392285555201,7.373552961912929,0.671409635742079,-0.2929642480447622,23.413094763257448,23.231680302324722,-23.645083877562634,-22.713959312198757,-9.912337713819916,-8.951149867688388,26.58910910809747,25.818078911290097,14.017103050731858,14.306766388424352,14.059157581090684,12.60726506099094
0.3143143143143143,-36.28411558618375,-36.30320660658197,20.84281699443841,21.93436223671051,-36.486095023721454,-35.85991867153619,7.620816279940453,7.378213507509315,0.6789280364295254,-0.2872904617728336,23.41396040357664,23.227197850650178,-23.646748537508586,-22.71532749703722,-9.921273159026946,-8.956714879286704,26.591480990211704,25.823915787694766,14.016683136136724,14.305876142142246,14.06215580576479,12.620022272715454
0.3153153153153153,-36.28162398598738,-36.300100944282136,20.835564685927512,21.929965159709,-36.48543779980875,-35.85627136216037,7.622239531350564,7.382845676064024,0.6864213167805355,-0.28159174452039964,23.414831568629864,23.22269466710111,-23.648379747582993,-22.71675029199702,-9.930196475605538,-8.962296206129734,26.593827130608776,25.82976858978271,14.016278036824591,14.304968569502963,14.065085078920326,12.632777663043266
0.3163163163163163,-36.279145915570176,-36.29700831901787,20.82836233856597,21.925545964323845,-36.48476241000062,-35.85267594001374,7.623661868928841,7.3874484496155155,0.6938884457959554,-0.2758681416194548,23.415708384430573,23.218170495075064,-23.64997779538856,-22.718227584299388,-9.939106416352594,-8.96789381457472,26.59614730530194,25.835635721382676,14.015887612916586,14.304043491045407,14.06794592142959,12.645525739615332
0.3173173173173173,-36.27668196663995,-36.293929850172646,20.82121082141767,21.92110464757037,-36.48406919295647,-35.84913337298482,7.62508311983135,7.3920208301813455,0.7013284122509762,-0.2701196980328109,23.41659098103447,23.21362507507921,-23.651542974686944,-22.71975923528878,-9.948001749628943,-8.973507666084023,26.598441298264593,25.8415155716861,14.015511720864325,14.303100743237007,14.070738870306434,12.658261074560146
0.3183183183183183,-36.274232720981665,-36.29086663751773,20.81411097451998,21.916641218617116,-36.48335848863036,-35.845644580403075,7.626503109292958,7.396561841898175,0.7087402252382317,-0.264346458447004,23.417479492636453,23.209058144638234,-23.653075585209628,-22.721345080738498,-9.95688126004042,-8.979137717206457,26.600708901604424,25.847406518389896,14.015150213505764,14.302140179095318,14.073464478121776,12.670978316190732
0.3193193193193193,-36.27179875012269,-36.28781975899853,20.80706360863661,21.912155698694452,-36.48263063819709,-35.842210431972994,7.627921660693982,7.401070533092394,0.7161229146765231,-0.2585484673679149,23.418374057670988,23.204469438211365,-23.65457593246977,-22.722984931220164,-9.9657437490922,-8.984783919568873,26.602949915726587,25.85330693089647,14.014802940121443,14.301161668757468,14.076123312413136,12.68367220027753
0.3203203203203203,-36.26938061501192,-36.28479026860873,20.800069505046633,21.90764812098009,-36.481885983980014,-35.83883174688002,7.629338595627344,7.405545978270312,0.7234755317848214,-0.2527257692188592,23.419274818916055,23.199858687119896,-23.6560443275752,-22.724678572534405,-9.974588035815811,-8.990446219877498,26.605164149485628,25.859215173553878,14.01446974649102,14.30016509999502,14.078715955088969,12.696337560840401
0.3213213213213213,-36.2669788657132,-36.281779194362386,20.793129415369407,21.903118530462915,-36.48112486938065,-35.835509293070125,7.630753733966132,7.409987280017582,0.7307971495212946,-0.24687840844089967,23.42018192360071,23.19522561948637,-23.657481087042683,-22.72642576619974,-9.983412957368126,-8.996124559928564,26.60735142032597,25.865129608918988,14.014150474950164,14.29915037867222,14.081243001828504,12.708969340407759
0.3223223223223223,-36.26459404111344,-36.27878753637317,20.786244061424977,21.89856698378654,-36.48034763881,-35.832243786703245,7.632166893931455,7.414393570798277,0.7380868629872085,-0.24100642959513202,23.421095523516364,23.19056996018661,-23.65888653261351,-22.7282262499963,-9.992217369601958,-9.001818876627674,26.60951155441079,25.871048601026168,14.013844964447737,14.298117429146055,14.083705061477904,12.721562599695991
0.3233233233233233,-36.26222666864568,-36.2758162650491,20.77941413512948,21.893993549074207,-36.47955463762172,-35.8290358917796,7.633577892160489,7.418764014644913,0.7453437897956402,-0.23510987746669496,23.422015775131953,23.18589143081565,-23.66026099107065,-22.73007973856076,-10.00100014760775,-9.007529102017328,26.611644386739105,25.87697051864425,14.01355305060325,14.29706619460697,14.086102755443402,12.734112526667968
0.3243243243243243,-36.25987726402746,-36.27286631940997,20.772640298425063,21.889398305736616,-36.478746212046985,-35.8258862199369,7.634986543774604,7.423097808731661,0.7525670704050408,-0.22918879717025734,23.422942839712988,23.18118974966853,-23.661604794057492,-22.73198592402855,-10.009760186226009,-9.013255163312047,26.61374976125096,25.882893738504688,14.013274565764585,14.295996637359515,14.088436717082224,12.74661444493518
0.3253253253253253,-36.25754633101469,-36.269938605533916,20.76592318324361,21.88478134426438,-36.47792270913127,-35.82279533041512,7.636392662447456,7.427394184823961,0.7597558684177707,-0.22324323425673726,23.423876883444688,23.176464631736778,-23.66291827789835,-22.733944476719252,-10.018496400530228,-9.018996982940461,26.61582753092066,25.888816648484244,14.013009339065905,14.294908739042658,14.090707591091965,12.759063821474156
0.3263263263263263,-36.25523436117132,-36.267033995138135,20.75926339150372,21.880142766006767,-36.47708447667286,-35.819763730184526,7.637796060472945,7.431652410598829,0.7669093708438205,-0.21727323482101238,23.42481807755924,23.17171578872139,-23.664201783420825,-22.73595504586091,-10.027207726280038,-9.024754478593733,26.617877557837904,25.894737650726096,14.012757196485763,14.293802500789884,14.09291603289916,12.771456273633842
0.3273273273273273,-36.25294183365487,-36.26415332429798,20.752661495140075,21.875482682938518,-36.476231863163214,-35.81679187423163,7.639196548832908,7.435871790831176,0.7740267883300126,-0.21127884561038607,23.42576659846733,23.166942929062838,-23.66545565578017,-22.73801726034882,-10.035893120344504,-9.030527563279726,26.61989971327687,25.90065516468402,14.012517960905344,14.292677943329629,14.095062708047749,12.783787575416854
0.3283283283283283,-36.2506692150181,-36.261297392307384,20.746118036164493,21.870801217416382,-36.475365217729234,-35.8138801659969,7.640593937264451,7.44005166844258,0.7811073553550588,-0.20526011413357945,23.426722627894023,23.162145757988664,-23.66668024428579,-22.740130729534343,-10.044551561095425,-9.036316145382232,26.621893877753184,25.906567630075056,14.012291452166783,14.291535107026975,14.097148291588075,12.796053663023523
0.3293293293293293,-36.24841695902677,-36.25846696068257,20.739633526757764,21.86609850192711,-36.47448489007734,-35.81102895795709,7.641988034326788,7.444191425410024,0.7881503303909271,-0.19921708877002803,23.42768635301917,23.157323977579,-23.66787590222991,-22.74229504403921,-10.053182048770667,-9.042120128724678,26.623859941068844,25.912473509727135,14.012077487131537,14.290374051867886,14.099173467467192,12.808250639653624
0.3303303303303303,-36.24618550649374,-36.25566275230987,20.733208449391377,21.86137467882857,-36.47359123043948,-35.8082385523446,7.643378647467482,7.448290483533189,0.7951549960310405,-0.1931498188792684,23.428657966622335,23.152477286850274,-23.669042986718654,-22.744509776590807,-10.06178360580762,-9.04793941263767,26.625797802345097,25.91837129230915,14.011875879738731,14.28919485738762,14.101138927920967,12.820374779566427
0.3313313313313313,-36.24397528512927,-36.252885450737516,20.726843256978206,21.856629900085615,-36.472684589521016,-35.80550920199532,7.6447655830879695,7.452348305059946,0.8021206590859016,-0.18705835491021036,23.429637667232537,23.14760538185719,-23.67018185850559,-22.746774482873963,-10.07035527714682,-9.053773892029778,26.627707370043364,25.92425949493213,14.011686441063452,14.287997622545243,14.103045372868792,12.832422531405136
0.3323323323323323,-36.24178670940767,-36.250135699610276,20.72053837305116,21.851864327002218,-36.47176531845058,-35.802841111316276,7.646148646608252,7.4563643931706975,0.8090466506467974,-0.18094274851009895,23.430625659282754,23.142707955812998,-23.67129288182779,-22.74908870239488,-10.078896130506005,-9.059623457460978,26.62958856197436,25.930136665611425,14.011508979374858,14.28678246554643,14.104893509311388,12.844390520796955
0.3333333333333333,-36.23962018045016,-36.247414102244804,20.71429419196875,21.847078129951463,-36.470833768731865,-35.80023443736364,7.647527642530633,7.460338292323195,0.8159323261183006,-0.17480305263298124,23.431622153269434,23.137784699227915,-23.672376424244675,-22.751451959352885,-10.087405256624814,-9.06548799521818,26.631441305295436,25.936001385581047,14.011343300194143,14.285549523617028,14.106684050732346,12.856275552244767
0.3343343343343343,-36.23747608592391,-36.24472122134281,20.708111079146576,21.842271488104746,-36.469890292197434,-35.797689291021705,7.648902374502391,7.464269588460357,0.8227770652203363,-0.16863932164750278,23.43262736591709,23.132835300065448,-23.673432856479625,-22.753863763515934,-10.095881769480446,-9.07136738739231,26.63326553649636,25.941852271452703,14.011189206352192,14.284298952729996,14.108417716504,12.868074610330792
0.3353353353353353,-36.2353547999572,-36.24205757883832,20.70198937131357,21.837444589161546,-36.46893524096448,-35.79520573827291,7.650272645377269,7.46815790908446,0.8295802719606346,-0.16245161144387038,23.433641520348125,23.12785944391625,-23.674462552264497,-22.75632361109585,-10.10432480647463,-9.077261511956426,26.635061201373713,25.947687977213292,14.011046498046902,14.283030927288568,14.11009523129812,12.879784860256475
0.3363363363363363,-36.2332566830705,-36.239423655874575,20.695929376791955,21.83259762908103,-36.46796896739268,-35.7927838015492,7.651638257275662,7.472002923201854,0.8363413745784335,-0.15623997953982768,23.43466484625802,23.122856814189074,-23.675465888187183,-22.758830985619593,-10.112733528592328,-9.083170242844393,26.63682825499404,25.95350719605605,14.01091497290008,14.281745639768582,14.111717324502036,12.891403647746376
0.3373373373373373,-36.231182082123375,-36.236819892905416,20.68993137579979,21.827730811816643,-36.4669918240441,-35.7904234611547,7.652999011643395,7.475804341143033,0.8430598254603402,-0.15000448518550213,23.435697580096033,23.11782709231822,-23.676443243542337,-22.761385358792975,-10.121107120532647,-9.089093450029658,26.638566661645996,25.95930866204181,14.010794426013849,14.280443300323054,14.113284729640592,12.902928498346775
0.3383383383383383,-36.22913133027698,-36.234246689915636,20.6839956207749,21.822844349054726,-36.46600416364519,-35.78812465675007,7.6543547093089614,7.479561914263519,0.8497351010292906,-0.14374518946699272,23.436739965251544,23.112769957986853,-23.67739500018528,-22.76398619135356,-10.129444790812451,-9.095030999603715,26.640276394781733,25.96509115158811,14.010684650026455,14.2791241363521,14.114798183804544,12.914357116152239
0.3393393393393393,-36.227104746971946,-36.231704406754055,20.678122336719085,21.817938459958135,-36.46500633905089,-35.78588728888873,7.655705150539129,7.48327543453155,0.8563667016075832,-0.13746215540857845,23.4377922522462,23.107685089365454,-23.678321542389277,-22.76663293390963,-10.137745771843248,-9.100982753853863,26.641957436947735,25.97085348478519,14.010585435167446,14.277788392041424,14.11625842708572,12.925687381995479
0.3403403403403403,-36.22510263792148,-36.229193363572826,20.67231172156148,21.813013370915723,-36.463998703210954,-35.78371122059569,7.6570501350927795,7.486944734009015,0.8629541512549881,-0.13115544807343915,23.438854698932023,23.102572163364567,-23.679223256706273,-22.76932502776245,-10.146009319981925,-9.106948571339915,26.64360977970539,25.97659452653904,14.010496569312034,14.276436327872501,14.117666202019477,12.936917351137362
0.3413413413413413,-36.22312529511927,-36.226713841366205,20.66656394653981,21.808069315298418,-36.462981609138424,-35.78159627897979,7.658389462272886,7.490569684232415,0.8694969975829555,-0.12482513466278988,23.439927570695627,23.097430855901,-23.680100531831123,-22.77206190570924,-10.154234715556004,-9.112928306969541,26.64523342354158,25.982313187542765,14.010417838034686,14.275068220107668,14.119022253034814,12.948045250495122
0.3423423423423423,-36.22117299686205,-36.22426608260162,20.660879156598497,21.80310653322258,-36.461955409880325,-35.779542256870535,7.659722930976507,7.494150195500981,0.8759948115459673,-0.11847128461334137,23.44101114066869,23.092260842176522,-23.68095375846948,-22.774842992824635,-10.162421262864074,-9.118921812071958,26.64682837776956,25.988008425078732,14.010349024661735,14.273684360253215,14.120327325912523,12.959069475447537
0.3433433433433433,-36.219246007786474,-36.22185029193588,20.65525747080231,21.798125271321172,-36.46092045849067,-35.77754891447123,7.661050339742692,7.497686216079201,0.8824471872110877,-0.11209396969300779,23.44210568994491,23.08706179696809,-23.681783329209424,-22.777667707218512,-10.17056829015208,-9.124928934469724,26.648394660420458,25.99367924365469,14.010289910322992,14.27228505450355,14.12158216725175,12.969988586256136
0.3443443443443443,-36.21734457891989,-36.21946663700916,20.649698982764587,21.793125782523234,-36.45987710800576,-35.775615981020394,7.662371486798194,7.501177731321215,0.888853741506783,-0.10569326409479346,23.443211507803564,23.081833394928584,-23.68258963839684,-22.780535460768515,-10.178675149566246,-9.130949518548405,26.649932298125663,25.99932469547816,14.010240274002228,14.270870623169403,14.122787523945265,12.98080130414147
0.3453453453453453,-36.215468947744824,-36.21711524930947,20.644203761088693,21.78810832584199,-36.45882571142175,-35.77374315645395,7.663686170100875,7.504624762724562,0.895214113952083,-0.09926924452879832,23.444328891939847,23.076575310896967,-23.683373082014786,-22.783445659825688,-10.18674121708335,-9.136983405323969,26.651441325990525,26.00494388077403,14.010199892586442,14.269441400092939,14.12394414266378,12.991506507053119
0.3463463463463463,-36.21361933827662,-36.21479622510025,20.63877184982176,21.783073166171924,-36.45776662167475,-35.7719301130613,7.664994187380704,7.508027366920742,0.9015279663671631,-0.09282199031229091,23.445458148702222,23.071287220216863,-23.684134057566737,-22.786397705892,-10.194765892419175,-9.143030432507695,26.65292178745955,26.010535947951087,14.010168540913842,14.267997732052532,14.12505276934958,13.002103225171348
0.3473473473473473,-36.211795961154074,-36.212509626403914,20.633403268919448,21.778020574095,-36.45670019162318,-35.77017649712861,7.666295336178249,7.511385634610034,0.9077949825664244,-0.08635158345780514,23.446599593336938,23.065968799062375,-23.68487296396401,-22.789390996268725,-10.202748598915916,-9.149090434568539,26.65437373417358,26.016100093623756,14.010145991820384,14.26653997815982,14.126114148719688,13.012590636177475
0.3483483483483483,-36.20999901374243,-36.21025548203429,20.628098014720752,21.77295082569614,-36.4556267740327,-35.76848193056348,7.667589413880549,7.514699689447847,0.9140148680351408,-0.07985810875922461,23.44775355023989,23.060619724770124,-23.685590201417224,-22.792424924674844,-10.210688783409338,-9.155163242792806,26.65579722581921,26.021635562495828,14.010132016184848,14.265068509251519,14.127129023778831,13.022968060328706
0.3493493493493493,-36.20822868024858,-36.20803378867105,20.62285606043167,21.767864202388047,-36.45454672156363,-35.76684601249548,7.668876217754285,7.517969686889738,0.920187349590746,-0.07334165387582499,23.448920353216145,23.055239676176335,-23.686286171332025,-22.795498881834927,-10.2185859160766,-9.161248685341103,26.65719232997084,26.027141647113492,14.010126382972272,14.263583707278324,14.128098135342404,13.033234955371874
0.3503503503503503,-36.20648513184784,-36.20584451196952,20.617677356616763,21.76276099074532,-36.45346038676086,-35.76526832084757,7.670155544976131,7.5211958130019925,0.9263121750298096,-0.06680230941425094,23.450100345747135,23.04982833395794,-23.68696127620911,-22.798612256036087,-10.226439490265486,-9.167346587302497,26.65855912192569,26.03261768749514,14.010128859275731,14.262085964693076,14.129022221569564,13.043390911328913
0.3513513513513513,-36.204768526822,-36.20368758769944,20.61256183169753,21.75764148234782,-36.45236812204643,-35.763748413874076,7.671427192660212,7.5243782832444275,0.9323891127617494,-0.06024016900840993,23.451293881265936,23.044385380976546,-23.68761591954858,-22.80176443365381,-10.234249022306008,-9.17345677074587,26.65989768453216,26.038063070645848,14.010139210356284,14.260575683840207,14.12990201750668,13.053435645185226
0.3523523523523523,-36.203079010708215,-36.20156292290667,20.607509392456603,21.75250597363314,-36.451270279714706,-35.76228583166121,7.672690957882554,7.52751734123179,0.938417951430305,-0.05365532939726996,23.452501323440764,23.038910502624233,-23.68825050575871,-22.80495479964663,-10.242014051305144,-9.179579054768492,26.661208108011863,26.04347722996446,14.01015719968104,14.259053276348327,14.130738254641177,13.063368995510272
0.3533533533533533,-36.20141671645821,-36.19947039709189,20.6025199245468,21.74735476575798,-36.45016721193024,-35.76088009758673,7.673946637702455,7.530613257479802,0.9443984995237854,-0.047047890500553184,23.453723046466894,23.033403387170125,-23.688865440069243,-22.808182738019834,-10.249734138925652,-9.185713255541787,26.662490489775745,26.048859644551417,14.010182588959228,14.257519162527643,14.131531660465964,13.073190917037836
0.3543543543543543,-36.199781764607486,-36.19740986340108,20.597593293004067,21.74218816446824,-36.44905927072838,-35.759530719735785,7.675194029180669,7.533666328141582,0.9503305849750776,-0.0404179554923205,23.45495943536732,23.02786372610668,-23.68946112844919,-22.811447632258393,-10.25740886914979,-9.19185918635437,26.66374493423458,26.05420983842541,14.01021513817618,14.255973770773757,14.132282958054478,13.082901475231505
0.3553553553553553,-36.19817426345397,-36.19538114982235,20.59272934276339,21.737006479977538,-36.44794680801865,-35.75823719227046,7.676432929394328,7.536676873739822,0.9562140547523856,-0.03376563087244653,23.45621088630233,23.022291214494714,-23.690037977529244,-22.81474886572963,-10.265037848028808,-9.198016657652403,26.664971552604253,26.05952737965697,14.01025460562512,14.254417536979222,14.13299286564639,13.092500840858918
0.3563563563563564,-36.196594309245675,-36.19338406038471,20.587927899176837,21.73181002685385,-36.446830175590975,-35.75699899675084,7.677663135448515,7.539645237899742,0.962048774441645,-0.02709102653598624,23.457477806888257,23.016685551306175,-23.69059639452888,-22.818085822056076,-10.272620703419095,-9.204185477077324,26.666170462706173,26.06481187942697,14.010300747936672,14.25285090395409,14.133662096244064,13.101989284596394
0.3573573573573573,-36.195041986377085,-36.19141837635399,20.58318876853279,21.726599123913957,-36.44570972512475,-35.75581560340607,7.6788844444844,7.5425717860874695,0.9678346278215284,-0.020394255840437796,23.45876061652576,23.011046439763728,-23.691136787188125,-22.821457885459214,-10.28015708470584,-9.210365449501039,26.667341788763142,26.07006299101789,14.01035332010598,14.251274320856547,14.134291357219723,13.111367171683607
0.3583583583583583,-36.193517367593486,-36.18948385742216,20.57851173857564,21.72137409412532,-36.44458580820086,-35.75468647235398,7.680096653683855,7.545456904358142,0.9735715164319392,-0.013675435670907416,23.460059746737738,23.005373587676246,-23.691659563704096,-22.824864441074773,-10.287646662515009,-9.21655637705868,26.66848566119107,26.07528040874552,14.010412075517367,14.24968824263456,14.134881349933371,13.12063495664606
0.3593593593593593,-36.192020514203186,-36.18758024288616,20.573896579025085,21.71613526451503,-36.44345877631669,-35.7536110547684,7.681299560270489,7.548300998117647,0.979259359136852,-0.0069346865031837315,23.4613756415173,22.999666707769308,-23.692165132672383,-22.828304875240427,-10.295089128414554,-9.222758059179025,26.669602216386817,26.080463866838517,14.010476765966413,14.248093129479388,14.135432769361389,13.129793178101233
0.3603603603603603,-36.190551476296854,-36.18570725281285,20.569343042094307,21.71088296608543,-36.44232898090412,-35.75258879399352,7.682492961506992,7.551104490901564,0.9848980916823404,-0.0001721324647303655,23.46270875768601,22.993925518009917,-23.69265390303323,-22.83177857575673,-10.302484194605649,-9.22897029261268,26.670691596512572,26.085613138272986,14.010547141679355,14.246489446291603,14.135946303735802,13.138842453662521
0.3613613613613614,-36.18911029297376,-36.18386458918712,20.564850863006296,21.705617533735968,-36.44119677335067,-35.75161912660505,7.683676654688749,7.553867823174502,0.9904876662505916,0.006612098606394288,23.464059565262705,22.988149741924587,-23.693126284022647,-22.835284932122242,-10.30983159360473,-9.235192871458171,26.671753949277065,26.090728033568976,14.010622951329784,14.244877662160226,14.136422634194153,13.147783474953293
0.3623623623623623,-36.187696992574345,-36.18205193704045,20.560419760507653,21.700339306190937,-36.44006250502375,-35.75070148341806,7.684850437133619,7.5565914511527055,0.9960280510106848,0.01341787510468027,23.46542854784321,22.98233910891008,-23.69358268512845,-22.838823335743786,-10.31713107791724,-9.241425587186045,26.672789427713873,26.09580839955547,14.010703942052425,14.243258249855405,14.13686243443985,13.156617002741786
0.3633633633633633,-36.1863115929188,-36.1802689655574,20.55604943737918,21.695048625932582,-36.43892652729802,-35.74983529044178,7.686014106167835,7.559275845652439,1.0015192296668791,0.02024506160236283,23.46681620299122,22.976493354536046,-23.694023516051264,-22.84239318012284,-10.32438241970376,-9.247668228661121,26.67379818995725,26.10085411811008,14.010789859454045,14.241631685335015,14.137266370412968,13.165343862205981
0.3643643643643643,-36.1849541015511,-36.178515329158074,20.551739580942684,21.68974583913922,-36.43778919158619,-35.74901996978175,7.687167459107928,7.561921490966368,1.0069612010051154,0.027093518796663586,23.468223042640727,22.970612220838923,-23.694449186670525,-22.84599386101911,-10.33158541043941,-9.253920582163023,26.674780399015702,26.10586510487937,14.010880447621284,14.23999844726543,14.137635099971302,13.17396493833612
0.3653653653653653,-36.18362451598823,-36.17679066855457,20.54748986356336,21.684431295627906,-36.43665084937289,-35.74825494049,7.688310293238637,7.5645288837698175,1.0123539784384177,0.03396310345906721,23.46964959351025,22.96469545660641,-23.694860107015565,-22.849624776592314,-10.338739860567152,-9.260182431405129,26.675736222543645,26.110841307985325,14.010975449125429,14.23835901655663,14.137969272581614,13.182481171481138
0.3663663663663664,-36.18232282397408,-36.175094611780025,20.543299943147236,21.67910534880121,-36.435511852252056,-35.74753961936409,7.689442405786708,7.567098532058533,1.0176975895518354,0.04085366838662583,23.47109639752929,22.95874281765194,-23.695256687241724,-22.853285327523228,-10.345845599145855,-9.266453557552078,26.67666583261136,26.115782706723184,14.011074605023923,14.236713875911759,14.138269529020876,13.190893553044024
0.3673673673673673,-36.18104900373767,-36.173426775188865,20.53916946363315,21.673768355597712,-36.43437255196768,-35.74687342169593,7.690563593890541,7.56963095411926,1.0229920756475477,0.0477650623552843,23.472564012277253,22.952754067078605,-23.695639337611592,-22.856974917115046,-10.35290247349375,-9.272733739235969,26.677569405473673,26.120689310255454,14.011177654858663,14.235063509391132,14.13853650108737,13.199203121329909
0.3683683683683684,-36.1798030242553,-36.171786764427154,20.535098055478755,21.668420676445738,-36.433233300458,-35.74625576197155,7.691673654565617,7.572126677534233,1.0282374912907033,0.05469713007522042,23.474053011435313,22.94672897553196,-23.696008468481384,-22.860692951376144,-10.359910348827992,-9.279022752571395,26.678447121337456,26.125561156306556,14.011284336650885,14.233408401990669,14.13877081132146,13.207410957549584
0.3693693693693693,-36.17858484551625,-36.17017417537233,20.5310853361401,21.663062675219976,-36.43209444990325,-35.745686054523,7.692772384665627,7.574586238220395,1.033433903856554,0.061649712148196215,23.475563985251473,22.940667321441293,-23.69636449029247,-22.864438839085246,-10.366869107901056,-9.285320371169435,26.67929916412832,26.130398309862255,14.011394386892595,14.231749039234638,14.138973072735867,13.215518181980165
0.3703703703703703,-36.17739441879163,-36.16858859504155,20.527130910544393,21.65769471920051,-36.43095635277701,-35.745163714133774,7.693859580839274,7.577010179503972,1.0385813930793948,0.06862264502691685,23.477097541019283,22.93456889124882,-23.69670781356809,-22.868211991840056,-10.37377865063453,-9.29162636615077,26.6801257212567,26.135200861877614,14.011507540534517,14.230085906782566,14.13914388855521,13.22352595028371
0.3713713713713714,-36.17623168690614,-36.16702960246825,20.523234371555485,21.65231717903392,-36.42981936190112,-35.744688156599054,7.694935039482657,7.579399051230814,1.043680050603801,0.07561576097639656,23.47865430357054,22.928433479626506,-23.697038848915284,-22.872011824090368,-10.380638893751025,-9.297940506158021,26.680926983383586,26.13996892799696,14.011623530970384,14.22841949005013,14.139283851964624,13.231435449983746
0.3723723723723723,-36.17509658451219,-36.165496769546664,20.519395300431768,21.64693042869601,-36.42868383050438,-35.74425879924237,7.695998556687203,7.581753408912696,1.0487299795386142,0.0826288880373315,23.480234915782393,22.92226088968003,-23.697358007032054,-22.875837753156652,-10.387449770404736,-9.304262557367474,26.681703144186088,26.144702647288913,14.01174209001757,14.226750273843773,14.139393545867248,13.23924789709896
0.3733733733733734,-36.17398903836629,-36.163989661844134,20.515613267276116,21.64153484545583,-36.427550112285005,-35.74387506139008,7.69704992818308,7.584073812909663,1.053731294014105,0.08966184999148212,23.481840039099247,22.916050933139633,-23.69766569871981,-22.879689199235088,-10.394211229811322,-9.3105922835003,26.68245440012314,26.149402180999303,14.011862947893944,14.225078742008805,14.1394735426503,13.246964532932635
0.3743743743743744,-36.17290896760717,-36.162507839381234,20.511887831477576,21.636130809840587,-36.42641856147681,-35.743536364805344,7.698088949278038,7.586360827648283,1.0586841187427076,0.09671446632906895,23.48347035406988,22.9098034305375,-23.697962334901018,-22.883565585390002,-10.400923236877572,-9.3169294458334,26.683180950201415,26.154067711324476,14.011985833190897,14.223405377090677,14.139524403959564,13.254586621015836
0.3753753753753753,-36.17185628403549,-36.16105085737984,20.508218542144498,21.630718705601097,-36.42528953291939,-35.74324213408308,7.699115414791632,7.588615020875564,1.0635885885836898,0.10378655221818779,23.4851265609002,22.903518211371438,-23.698248326642243,-22.88746633753462,-10.407585771831483,-9.323273803210009,26.68388299574173,26.158699440207197,14.012110472842426,14.221730660009133,14.13954668048196,13.262115444201825
0.3763763763763764,-36.17083089239476,-36.15961826697946,20.50460493852885,21.62529891967745,-36.424163382132214,-35.74299179700754,7.700129118984761,7.590836962948167,1.0684448481120967,0.11087791847625188,23.48680938002205,22.89719511425458,-23.69852408518245,-22.89139088440105,-10.414198829853216,-9.329625112050161,26.68456074014611,26.163297588157047,14.012236592090284,14.220055069744886,14.139540911736006,13.269552301908805
0.3773773773773773,-36.16983269065316,-36.15820961592209,20.50104655044156,21.619871842164542,-36.423040465392624,-35.74278478487413,7.701129855484482,7.593027226156421,1.073253051192278,0.11798837154347103,23.48851955267852,22.89083398705095,-23.698790021966648,-22.89533865750036,-10.420762420707446,-9.335983126361146,26.68521438866568,26.167862393097042,14.012363914445006,14.218379083038487,14.139507625869868,13.276898507507626
0.3783783783783784,-36.16886157028607,-36.15682444920615,20.49754289865852,21.614437866277147,-36.42192113981806,-35.74262053277706,7.702117417204048,7.595186384082559,1.0780133605562787,0.1251177134583788,23.49025784152622,22.8844346869967,-23.699046548684915,-22.899309091073537,-10.427276568377565,-9.342347597748057,26.685844148169483,26.172394109237885,14.01249216164285,14.21670317410103,14.139447339466727,13.284155385850866
0.3793793793793794,-36.16791741655903,-36.15546230970991,20.494093495317212,21.608997388314254,-36.42080576345228,-35.74249847986438,7.703091596258114,7.597315010992497,1.08272594738735,0.1322657418354214,23.49202503125492,22.87799708080686,-23.69929407731676,-22.903301622034206,-10.433741310702194,-9.348718275424547,26.68645022691445,26.176893005981047,14.012621053598528,14.215027814336327,14.13936055735721,13.291324270939352
0.3803803803803803,-36.16700010881084,-36.154122738785105,20.49069784430372,21.603550807622344,-36.41969469535582,-35.742418069562085,7.704052183873074,7.59941368126042,1.0873909909088104,0.1394322498446231,23.493821929225096,22.871521044767572,-23.69953302018089,-22.907315689903847,-10.440156699014436,-9.355094906223872,26.68703283431661,26.181359366851687,14.01275030835366,14.213353472074196,14.139247772438535,13.29840650372205
0.3813813813813814,-36.16610952073661,-36.15280527682129,20.487355441629973,21.598098526557358,-36.41858829570071,-35.7423787497687,7.70499897029247,7.601482968825354,1.0920086779784606,0.1466170261933453,23.495649366123793,22.865006464813618,-23.6997637899904,-22.911350736740225,-10.446522797784242,-9.361477234610359,26.68759218072369,26.185793488462224,14.012879642020904,14.211680612314481,14.139109465500187,13.305403430025024
0.3823823823823823,-36.165245520670545,-36.151509463781714,20.48406577580116,21.592640950445066,-36.41748692586946,-35.742379973021954,7.705931744677434,7.603523446678876,1.096579202688735,0.1538198551101573,23.497508196639288,22.858453236591316,-23.699986799913336,-22.915406207059796,-10.452839684264324,-9.367865002691348,26.688128477189167,26.190195679507134,14.01300876872368,14.21000969648147,14.138946105055725,13.31231639860506
0.3833833833833834,-36.16440797186824,-36.150234839711395,20.480828328173107,21.58717848753962,-36.416390948558465,-35.74242119663907,7.706850295002116,7.605535686383045,1.101102765972749,0.16104051633083932,23.499399300155073,22.851861265506695,-23.700202463638743,-22.91948154775473,-10.459107448139909,-9.374257950229728,26.68864193524793,26.194566259789475,14.013137400531438,14.208341182188317,14.13875814718046,13.319146759323498
0.3843843843843844,-36.163596732788285,-36.14898094521817,20.477642573299644,21.58171154898001,-36.41530072788579,-35.74250188283203,7.707754407944057,7.607520257617624,1.1055795752163726,0.16827878508653882,23.501323581463616,22.845230466759,-23.70041119544813,-22.923576208005237,-10.465326191182736,-9.380655814657132,26.689132766693614,26.1989055592794,14.013265247390397,14.206675523011153,14.138546035354768,13.325895861435697
0.3853853853853853,-36.16281165737309,-36.14774732192757,20.474507979269784,21.57624054874425,-36.414216629503485,-35.7426214987993,7.708643868769452,7.609477727755618,1.1100098438764563,0.1755344320941034,23.503281971500396,22.838560765359563,-23.7006134102924,-22.92768963918776,-10.471496026909582,-9.387058331087882,26.6896011833577,26.203213917204828,14.013392017049684,14.205013168272508,14.138310200312596,13.332565051991567
0.3863863863863864,-36.16205259532854,-36.14653351291219,20.471424008034734,21.57076590360103,-36.4131390207144,-35.74277951679539,7.709518461213285,7.611408661466145,1.1143937911052926,0.1828072235486146,23.505275428098717,22.831852096136135,-23.700809523874273,-22.931821294779724,-10.477617080245588,-9.39346523233375,26.690047396890407,26.20749168117431,14.013517414982866,14.20335456283374,14.138051059895016,13.339155674342623
0.3873873873873873,-36.16131939240269,-36.1453390630966,20.468390115724667,21.565288033058707,-36.412068270593664,-35.74297541417956,7.710377967354264,7.613313620343646,1.118731641381394,0.19009692111814752,23.507304936765816,22.825104403722772,-23.700999952736165,-22.935970630261274,-10.483689487192732,-9.399876248919602,26.69047161854352,26.211739206331995,14.013641144304726,14.20170014689612,14.137769018908385,13.345669066750999
0.3883883883883884,-36.16061189066293,-36.14416351963836,20.4654057529552,21.55980735931138,-36.411004750114785,-35.743208673445025,7.711222167484549,7.615193162562414,1.1230236241466482,0.19740328194078333,23.509371511480733,22.818317642535405,-23.70118511435359,-22.940137103014678,-10.48971339450364,-9.406291109100009,26.6908740589551,26.21595685454449,14.01376290568332,14.200050355810296,14.137464468986908,13.352106561095937
0.3893893893893894,-36.15992992877184,-36.14300643228622,20.462470365123632,21.554324307181925,-36.409948832280456,-35.743478782229786,7.712050839974209,7.617047842555449,1.1272699734498806,0.20472605862390172,23.51147619551449,22.811491776733302,-23.701365427234045,-22.944320172221808,-10.495688959361004,-9.412709538876856,26.691254927936207,26.220144993619407,14.01388239724721,14.198405619893785,14.137137788459231,13.358469481673314
0.3903903903903903,-36.15927334226144,-36.14186735371617,20.459583392694885,21.548839304061822,-36.408900892258174,-35.74378523331045,7.712863761130392,7.618878210716623,1.1314709275968555,0.2120649992457817,23.51362006227304,22.804626780166565,-23.70154131102144,-22.94851929876023,-10.501616349062845,-9.419131262018038,26.691614434259613,26.224303996555125,14.013999314487828,14.196766364256279,14.1367893422188,13.364759144083852
0.3913913913913914,-36.15864196380574,-36.14074583984625,20.456744271477167,21.54335277984762,-36.40786130752064,-35.74412752458006,7.713660705051163,7.620684813125161,1.13562672880672,0.21941984735953945,23.51580421616352,22.797722636309917,-23.70171318660601,-22.95273394509834,-10.50749574071378,-9.425556000077263,26.691952785450553,26.228434240821446,14.01411335015693,14.19513300863241,14.136419481597644,13.370976854205757
0.3923923923923924,-36.1580356234916,-36.13964145013089,20.45395243288738,21.53786516687394,-36.40683045799104,-35.744505159011126,7.71444144347398,7.622468191291448,1.139737622874879,0.2267903419994331,23.518029793484303,22.790779338183036,-23.70188147623978,-22.956963575190038,-10.51332732092253,-9.431983472415032,26.6922701875795,26.23253610767057,14.014224194159093,14.193505967221803,14.136028544243336,13.377123907247633
0.3933933933933934,-36.15745414908763,-36.138553747835665,20.451207304206335,21.53237689984284,-36.40580872619323,-35.7449176446049,7.715205745618784,7.624228881923198,1.143803858842286,0.23417621768956354,23.520297963339313,22.783796888257694,-23.702046603657543,-22.961207654369268,-10.5191112855058,-9.438413396220831,26.692566845057,26.236609981477862,14.014331533439217,14.191885648536093,14.135616853998783,13.383201586877595
0.3943943943943944,-36.15689736631122,-36.13748230029316,20.448508308823747,21.526888415749514,-36.40479649740688,-35.74536449432789,7.715953378025675,7.6259674167110125,1.1478256886711091,0.2415772044550021,23.522609928577097,22.77677529835204,-23.702208994203374,-22.96546564924492,-10.524847839198712,-9.444845486536577,26.69284296043055,26.240656249111854,14.01443505186496,14.190272455252742,14.135184720784574,13.389211164424706
0.3953953953953953,-36.15636509909362,-36.136426679140776,20.44585486647312,21.521400153804148,-36.403794159827626,-35.745845226036664,7.716684104387147,7.627684322132412,1.1518033669267262,0.24899302783537475,23.52496692675516,22.76971458951232,-23.70236907496268,-22.969737027596377,-10.530537195371934,-9.45127945628135,26.693098734183508,26.244675299332773,14.014534430104137,14.188666784075407,14.134732440483589,13.39515389814888
0.3963963963963964,-36.15585716984286,-36.13538646054132,20.44324639345654,21.515912555349924,-36.402802104732224,-35.746359362391786,7.717397685374869,7.629380119273405,1.1557371504659877,0.25642340890093285,23.527370231129968,22.762614791882456,-23.702527274899712,-22.974021258270156,-10.536179575755588,-9.457715016277442,26.693334364536,26.248667522218987,14.014629345496957,14.187069025600671,14.13426029482759,13.401031032575611
0.3973973973973974,-36.15537339970469,-36.134361225386925,20.440682302859457,21.510426063777054,-36.40182072664875,-35.74690643076184,7.718093878460995,7.6310553236667245,1.1596272981316813,0.26386806427114085,23.529821151673108,22.755475944561812,-23.70268402500068,-22.97831781107788,-10.541775210170115,-9.464151875277757,26.693550047247843,26.252633308620652,14.014719471923168,14.185479564190956,14.133768551285518,13.406843797891987
0.3983983983983984,-36.15491360882133,-36.133350559487255,20.438162004755497,21.504941124432804,-36.40085042353191,-35.74748596311837,7.71877243773399,7.632710445145846,1.1634740704531126,0.27132670613580945,23.532321036113988,22.748298095451606,-23.70283975842229,-22.982626156695982,-10.547324336264149,-9.470589739994576,26.6937459754234,26.256573049639837,14.014804479664017,14.183898777853436,14.1332574629532,13.412593409400566
0.3993993993993994,-36.15447761658807,-36.13235405374253,20.43568490640143,21.499458184527473,-36.39989159694339,-35.74809749592254,7.719433113708971,7.634345987713958,1.1672777293527137,0.2787990422788042,23.534871271009507,22.741081301090393,-23.70299491064577,-22.986945766567406,-10.552827199259497,-9.477028315129724,26.693922339318373,26.260487136136412,14.014884035259035,14.182327038124816,14.13272726844422,13.418281067027843
0.4004004004004003,-36.1540652419077,-36.13137130430215,20.43325041242231,21.493977693036268,-36.398944652237375,-35.748740570004294,7.720075653132567,7.63596244942707,1.17103853785858,0.2862847761043568,23.53747328284105,22.73382562647909,-23.703149919636385,-22.991276112805583,-10.558284051703316,-9.48346730340613,26.694079326148447,26.26437595825894,14.014957801357648,14.180764709961815,14.132178191781705,13.423907954884198
0.4014014014014014,-36.153676303442815,-36.130401912709516,20.430857924986913,21.48850010059706,-36.39800999875109,-35.749414730434744,7.7206997987823,7.637560322290461,1.174756759822833,0.293783606666007,23.540128539139143,22.72653114489601,-23.70330522600832,-22.995616668100997,-10.563695153227526,-9.48990640560082,26.694217119899776,26.26823990499983,14.015025436565567,14.17921215163723,14.131610442290746,13.42947524087228
0.4024024024024024,-36.15331061986581,-36.12944548603379,20.42850684397354,21.483025859404048,-36.39708805000048,-35.750119526392474,7.7213052892605,7.639140092167731,1.1784326596456844,0.30129522869820086,23.542838549636116,22.719197937702475,-23.703461273195,-22.99996690563053,-10.569060770315527,-9.49634532057934,26.69433590114123,26.272079363774015,14.015086595286034,14.177669714641477,14.131024214491246,13.434984076340992
0.4034034034034034,-36.15296801010684,-36.12850163698906,20.426196567126304,21.477555423097243,-36.39617922388096,-35.75085451102443,7.721891858782796,7.640702238701703,1.1820665020050931,0.30881933265057093,23.54560486744694,22.71182609413946,-23.70361850762469,-23.00432629896988,-10.574381176076276,-9.502783745331616,26.69443584683835,26.27589472002034,14.015140927555857,14.176137743589486,14.130419687990951,13.440435595782322
0.4044044044044044,-36.15264829359947,-36.127569984041685,20.423926490201957,21.47208924664789,-36.39528394287316,-35.751619241301995,7.722459236961195,7.64224723524649,1.1856585515918796,0.31635560472492164,23.54842909027856,22.704415711115917,-23.70377737890144,-23.008694322009276,-10.579656650025704,-9.509221375009254,26.694517130168933,26.279686356824996,14.015188078876308,14.174616576132882,14.129797027378467,13.445830916568411
0.4054054054054054,-36.15235129052431,-36.126650151506254,20.421696007107386,21.466627786239766,-36.39440263425371,-35.75241327787288,7.723007148581811,7.6437755488100425,1.1892090728501663,0.32390372691494196,23.551312861667796,22.696966892989273,-23.703938339991193,-23.013070448872668,-10.584887477875585,-9.515657902964294,26.69457992034022,26.283454654566192,14.015227690038929,14.173106542877353,14.129156382116022,13.451171138726385
0.4064064064064064,-36.15207682205042,-36.125741769630764,20.419504510027867,21.461171499146424,-36.39353573031098,-35.75323618490936,7.72353531337729,7.645287640006543,1.1927183297230133,0.33146337704866635,23.554257872247963,22.689479751338776,-23.70410184741307,-23.017454153840625,-10.590073951329764,-9.522093020789395,26.694624382407568,26.28719999057934,14.01525939694621,14.171607967305142,14.128497886431855,13.45645734474857
0.4074074074074074,-36.15182471057466,-36.12484447467157,20.417351389546177,21.45572084360443,-36.39268366856558,-35.75408752995337,7.724043445794018,7.646783963018021,1.1961865854030955,0.3390342288337016,23.557265861044183,22.68195440473225,-23.704268361435695,-23.021844911277125,-10.595216367887868,-9.528526418359466,26.69465067709453,26.290922738842024,14.015282830427324,14.170121165702618,14.127821659212003,13.46169059943586
0.4084084084084084,-36.15159477995899,-36.123957908958616,20.41523603475268,21.450276278682608,-36.39184689199575,-35.75496688375899,7.724531254754169,7.648264965564609,1.1996141020882929,0.3466159519052368,23.560338616797395,22.6743909784869,-23.704438346278423,-23.026242195560418,-10.60031503065639,-9.534957783874722,26.69465896061433,26.294623269678066,14.015297616048874,14.168646447092852,14.12712780389134,13.46687194977212
0.4094094094094094,-36.15138685576575,-36.1230817209514,20.413157833346496,21.44483826414743,-36.39102584926732,-35.75587382013281,7.724998443412733,7.649731088882862,1.2030011407420282,0.35420821187685064,23.56347797931686,22.666789604424878,-23.704612270317487,-23.030645481018116,-10.605370248167208,-9.541386803905171,26.69464938449257,26.298301949479928,14.015303373920815,14.167184113173182,14.126416408343797,13.472002424827586
0.4104104104104104,-36.151200765490906,-36.12221556528613,20.41111617172783,21.43940726032454,-36.39022099496828,-35.75680791577254,7.725444708909619,7.651182767711629,1.206347960858217,0.36181067039412773,23.56668584086098,22.65915042062418,-23.704790606296747,-23.035054241866668,-10.61038233420352,-9.547813163436498,26.69462209539114,26.30195914044881,14.015299718497642,14.165734458257718,14.12568754477156,13.477083035689379
0.4114114114114114,-36.15103633879545,-36.12135910281468,20.409110435081622,21.43398372795655,-36.3894327898476,-35.757768750104326,7.725869742116979,7.652620430284942,1.2096548202306674,0.36942298519109407,23.56996414754601,22.651473571165635,-23.704973831543015,-23.039467952155377,-10.615351607633126,-9.554236545917345,26.69457723493322,26.305595200351735,14.015286258374962,14.164297769224785,14.124941269593268,13.482114775417308
0.4124124124124124,-36.15089340773486,-36.12051200063549,20.407140007452607,21.428568128057208,-36.38866170105835,-35.75875590511921,7.72627322738193,7.654044498331462,1.2129219747267814,0.37704481014947766,23.57331490078227,22.64375920587663,-23.705162428185705,-23.043886085715094,-10.620278392249098,-9.560656633307977,26.69451493952933,26.309210482295008,14.015262596081612,14.162874325469248,14.124177623331024,13.487098619023278
0.4134134134134134,-36.15077180698679,-36.11967393211715,20.40520427181188,21.423160921761983,-36.38790820240473,-35.75976896520902,7.72665484226486,7.655455387080009,1.2161496780654006,0.38467579536079916,23.5767401587372,22.636007480072312,-23.70535688338066,-23.048308116111684,-10.625163016617744,-9.567073106130298,26.69443534020429,26.312805334513325,14.015228327867504,14.16146439885976,14.123396630496323,13.492035523472683
0.4144144144144144,-36.1506713740769,-36.118844576914796,20.403302610115112,21.417762570175263,-36.38717277459282,-35.76080751700209,7.727014257273531,7.656853505270741,1.2193381815986444,0.3923155871912934,23.580242037824487,22.62821855429494,-23.705557689537866,-23.05273351660442,-10.630005813933868,-9.573485643519207,26.69433856242505,26.316380100174005,14.01518304348738,14.160068253700883,14.122598299474786,13.496926427706265
0.4154154154154154,-36.15059194960308,-36.118023620979834,20.401434403352543,21.412373534214215,-36.38645590548484,-35.76187114919912,7.727351135593232,7.658239255171586,1.2224877340975835,0.3999638283496599,23.583822714218396,22.62039259405214,-23.705765344552855,-23.057161760109373,-10.634807121883272,-9.579893923275266,26.6942247259293,26.31993511719565,14.015126325980727,14.158686146700107,14.121782622409794,13.501772252681024
0.4164164164164164,-36.15053337745796,-36.117210756563374,20.39959903159084,21.406994274449474,-36.38575809035646,-35.76295945240946,7.727665132813276,7.6596130325995215,1.225598581541599,0.4076201579576374,23.587484425392145,22.612529769554797,-23.70598035204144,-23.06159231916793,-10.639567282512438,-9.586297621918659,26.694093944554773,26.323470718080724,14.015057751448133,14.157318326939766,14.12094957508507,13.506573901428808
0.4174174174174174,-36.15049550504981,-36.116405682213596,20.397795874006928,21.401625250942804,-36.38507983215697,-35.76407201898815,7.727955896650149,7.660975226946342,1.2286709669112723,0.41528421162339424,23.591229471679043,22.60463025545526,-23.706203221577507,-23.066024665920473,-10.644286642105362,-9.592696414744408,26.693946326069163,26.326987229761393,14.014976888824313,14.155965035853848,14.120099116806314,13.511332259131354
0.4184184184184184,-36.15047818352193,-36.11560810276751,20.39602430891403,21.39626692308186,-36.38442164177173,-35.76520844287394,7.72822306666769,7.662326221208573,1.2317051299846598,0.4229556215177223,23.595060217854844,22.596694230586685,-23.70643446893348,-23.07045827208537,-10.648965551067466,-9.59908997587883,26.6937819720006,26.33048497345815,14.01488329964827,14.15462650720973,14.119231190282052,13.51604819321054
0.4194194194194194,-36.15048126797057,-36.11481772933733,20.39428371377988,21.39091974941223,-36.38378403828662,-35.76636831942855,7.72846627399469,7.6636663920212005,1.2347013071368,0.4306340164530201,23.59897909473956,22.588721877704188,-23.706674616323028,-23.07489260894326,-10.653604363816529,-9.605477978337186,26.6936009774686,26.333964264550644,14.01477653783085,14.153302967094833,14.118345721503896,13.520722553432774
0.4204204204204204,-36.15050461766134,-36.11403427929185,20.39257346523739,21.385584187466883,-36.38316754925381,-35.76755124527742,7.728685141040398,7.664996109694903,1.237659731142319,0.43831902196504535,23.602988600816644,22.580713383228574,-23.706924192645584,-23.079327147326754,-10.658203438680577,-9.61186009408251,26.693403431015447,26.337425412460195,14.01465614942019,14.151994633908208,14.117442619626452,13.52535617202643
0.4214214214214214,-36.15054809624434,-36.11325747623299,20.390892939087788,21.380260693593254,-36.38257271095844,-35.76875681815212,7.728879281208421,7.6663157382565235,1.2405806309809848,0.4460102603974152,23.607091303867275,22.57266893699337,-23.70718373373216,-23.083761357615593,-10.662763137802656,-9.618235994085566,26.69318941443792,26.340868720543533,14.01452167236554,14.150701718357098,14.11652177684719,13.529949863811373
0.4224224224224224,-36.150611571967886,-36.11248704996794,20.389241510296472,21.374949722778084,-36.38200006868544,-35.76998463673471,7.729048298609611,7.667625635492475,1.2434642316460842,0.45370735098882714,23.61128984261699,22.564588731995922,-23.707453782591873,-23.088194709737255,-10.667283827052415,-9.624605348385911,26.692959002619354,26.34429448599724,14.01437263627998,14.149424423458445,14.115583068286648,13.534504426339613
0.4234234234234234,-36.15069491789096,-36.11172273647705,20.38761855298164,21.369651728470235,-36.38145017698586,-35.7712343005041,7.729191787774567,7.668926152994858,1.2463107539554887,0.4614099099629707,23.61558692839173,22.556472964153254,-23.7077348896586,-23.09262667317311,-10.671765875944445,-9.630967826154027,26.692712263361955,26.347702999772423,14.014208562202636,14.148162944545392,14.114626351869378,13.53902064004625
0.4244244244244244,-36.15079801209442,-36.110964277877734,20.386023440395903,21.36436716240168,-36.38092359994195,-35.77250540958473,7.729309333366464,7.670217636210037,1.249120414365288,0.4691175506210963,23.619985346779828,22.548321832063447,-23.708027613036982,-23.09705671697011,-10.676209657563222,-9.637323095754471,26.692449257219383,26.351094546499223,14.014028962361092,14.146917469278783,14.113651468206152,13.543499268409871
0.4254254254254254,-36.15092073789096,-36.11021142238468,20.384455544901005,21.35909647440683,-36.380420911430015,-35.77379756459765,7.729400509895015,7.671500424489457,1.251893424785875,0.47682988343720206,23.624487959296175,22.540135536773242,-23.708332518747135,-23.101484309758,-10.680615548494677,-9.643670824810023,26.692170037329557,26.35446940442067,14.013833339934694,14.145688177663663,14.112658240478002,13.54794105812163
0.4264264264264264,-36.15106298403387,-36.10946392426653,20.382914237935815,21.353840112240427,-36.37994269538018,-35.77511036651414,7.729464881432412,7.6727748511424885,1.2546299924003776,0.4845465161557982,23.629097705044217,22.531914281552563,-23.70865018096707,-23.10590891977215,-10.68498392876418,-9.650010680266776,26.69187464924766,26.357827845335496,14.013621188819611,14.144475242070794,14.11164647432274,13.552346739262312
0.4274274274274274,-36.151224644924625,-36.10872154379929,20.381398889977827,21.348598521394226,-36.379489546032,-35.77644341651205,7.729502001332233,7.674041243491116,1.2573303194853311,0.4922670538922011,23.633817602371035,22.5236582716767,-23.70898118227201,-23.110330014881892,-10.689315181780952,-9.656342328460138,26.691563130779393,26.361170134549504,14.013391993396557,14.143278827263195,14.110615957724743,13.55671702548668
0.4284284284284284,-36.151405620819226,-36.10798404721672,20.37990887049822,21.343372144912642,-36.37906206818468,-35.77779631583498,7.729511411952381,7.67529992292628,1.2599946032335094,0.4999910992353086,23.63865075051017,22.51536771421681,-23.709326113869533,-23.114747062624414,-10.693609694288714,-9.662665435181697,26.691235511814483,26.364496530835098,14.013145228302136,14.142099090427704,14.109566460908791,13.561052614214502
0.4294294294294294,-36.15160581803339,-36.107251206657736,20.37844354791083,21.33816142320761,-36.378660877440744,-35.779168665654396,7.729492644383221,7.676551204965707,1.2626230355788326,0.5077182523528011,23.643600331206247,22.507042817839398,-23.709685575829376,-23.119159530244204,-10.697867856322535,-9.66897966574691,26.690891814160473,26.367807286398623,14.012880358204995,14.140936181211552,14.108497736238986,13.565354186827625
0.4304304304304304,-36.15182514914652,-36.10652280011127,20.377002289515115,21.33296679387287,-36.378286600441584,-35.7805600669348,7.729445218182224,7.6777953993130685,1.2652158030232832,0.5154481110987114,23.64866961031489,22.49868379261548,-23.710060177306687,-23.12356688473798,-10.70209006117173,-9.67528468506357,26.69053205137686,26.37110264685514,14.012596837587932,14.139790241763958,14.107409518123752,13.569622408872583
0.4314314314314314,-36.15206353320429,-36.10579861135853,20.375584461433377,21.32778869149792,-36.37793987509351,-35.781970120302056,7.729368641116529,7.679032809918318,1.2677730864657808,0.5231802711232995,23.653861939370547,22.49029084984005,-23.710450536757374,-23.12796859290508,-10.706276705348678,-9.681580157701008,26.69015622860968,26.374382851210292,14.012294110537326,14.138661406782711,14.106301522928153,13.573857930268177
0.4324324324324324,-36.15232089592009,-36.10507842991297,20.374189428542508,21.32262754748181,-36.37762135078249,-35.78339842591502,7.729262408914998,7.680263735039078,1.2702950610329722,0.5309143259851682,23.65918075711435,22.481864201862468,-23.710857282144037,-23.132364121403306,-10.710428188563498,-9.687865747959979,26.689764342426628,26.377648131848964,14.01197161054138,14.137549803565749,14.105173448894815,13.578061385517563
0.4334334334334334,-36.1525971698749,-36.104362050958144,20.372816554400444,21.317483789847113,-36.3773316885758,-35.7848445833404,7.729126005031469,7.681488467302936,1.2727818959119137,0.538649867265548,23.664629590973053,22.4734040619284,-23.711281051130825,-23.13675293681009,-10.71454491370436,-9.6941411199432,26.689356380652836,26.380898714530378,14.01162876029875,14.136455552067675,14.104024976074957,13.582233393924362
0.4344344344344344,-36.15289229471576,-36.1036492752835,20.371465201167645,21.312357843054173,-36.37707156140854,-35.78630819143116,7.728958900421082,7.682707293770539,1.2752337541846408,0.5463864846846769,23.670212058479414,22.464910644033882,-23.71172249126552,-23.141134505689028,-10.718627286823375,-9.700405937626478,26.688932322207492,26.38413481838935,14.011264971539342,14.135378764961208,14.102855766271112,13.586374559812384
0.4354354354354354,-36.15320621735261,-36.102939909218385,20.37013472952388,21.307250127815994,-36.376841654252814,-35.787788848208294,7.7287605533317345,7.683920495999369,1.2776507926646334,0.5541237662201983,23.675931868623316,22.4563841627921,-23.71218226014678,-23.145508294661624,-10.722675717127856,-9.706659864930385,26.688492136941473,26.387356655943407,14.010879644859203,14.134319547703516,14.101665462993358,13.590485472748535
0.4364364364364364,-36.153538892153335,-36.10223376456431,20.368824498580626,21.302161060913924,-36.37664266426719,-35.78928615074624,7.728530409112899,7.685128350108092,1.280033161735211,0.5618612982274953,23.681792823121892,22.447824833313405,-23.712661025574533,-23.14987377048424,-10.726690616976818,-9.712902565792442,26.6880357854762,26.3905644331055,14.010472169571594,14.133277998607378,14.100453691430983,13.594566707768523
0.4374374374374374,-36.15389028113691,-36.10153065852572,20.367533865789405,21.297091055014395,-36.37647530092381,-35.790799695061885,7.728267900044244,7.68633112684139,1.2823810051899094,0.5695986655618748,23.687798817596,22.43923287109909,-23.71315946568114,-23.15423040013012,-10.730672401882542,-9.71913370423975,26.687563219044023,26.393758349202006,14.010041923576551,14.132254208917146,14.099220058441794,13.598618825605024
0.4384384384384384,-36.15426035416437,-36.10083041363929,20.366262186846463,21.29204051848696,-36.37634028611039,-35.79232907600723,7.727972445186715,7.68752909163518,1.2846944600749184,0.5773354517025144,23.69395384263892,22.430608491949474,-23.71367826904084,-23.158577650876442,-10.734621490517029,-9.725352944462035,26.687074379330383,26.396938596995817,14.009588273251412,14.131248262889418,14.097964152561344,13.602642372917929
0.4394394394394394,-36.15464908912745,-36.10013285770194,20.36500881559415,21.287009855223875,-36.37623835420395,-35.793873887165795,7.727643450258962,7.688722504682126,1.286973656533682,0.5850712388780788,23.700261984762133,22.42195191188671,-23.71421813475477,-23.16291499039627,-10.738538304723129,-9.731559950885034,26.68656919831812,26.40010536271421,14.00911057336502,14.130260237878357,14.096685544034756,13.606637882526368
0.4404404404404404,-36.15505647213453,-36.09943782369772,20.363773103919435,21.281999464461425,-36.37617025211297,-35.795433720752825,7.727280307542253,7.68991162099737,1.2892187176537937,0.5928056081939098,23.706727427201557,22.413263347092784,-23.71477977250857,-23.167241886855333,-10.742423269530164,-9.73775438824421,26.68604759813434,26.403258826081316,14.008608167018531,14.129290204425592,14.095383784873857,13.610605873642209
0.4414414414414414,-36.155482497693654,-36.0987451497236,20.36255440165005,21.27700974060327,-36.37613673928448,-35.79700816751929,7.726882395817269,7.691096690484404,1.2914297593163455,0.6005381397606931,23.71335445056621,22.404543013863183,-23.715363902599425,-23.17155780901351,-10.746276813173798,-9.743935921658716,26.68550949090022,26.406399160354923,14.00808038561606,14.128338226354597,14.09405840894274,13.614546852104725
0.4424424424424424,-36.155927168892205,-36.09805467891434,20.361352056448748,21.27204107304601,-36.376138587672045,-35.79859681665975,7.726449080336469,7.692277958000998,1.2936068900479325,0.6082684128244981,23.720147433309737,22.395791128576537,-23.715971255929045,-23.17586222633092,-10.750099367119931,-9.75010421670556,26.684954778584327,26.4095265323674,14.007526548868505,14.127404360869452,14.092708932075045,13.618461310616158
0.4434434434434434,-36.15639049757286,-36.09736625936653,20.36016541370621,21.26709384600725,-36.37617658166056,-35.800199255724216,7.725979712835988,7.693455663425134,1.2957502108755308,0.6159960058980868,23.72711085200356,22.387007907680673,-23.71660257395888,-23.18015460907849,-10.753891366092354,-9.756258939493955,26.684383352859943,26.41264110257056,14.00694596483439,14.126488658657887,14.091334852226565,13.62234972897792
0.4444444444444444,-36.15687250450538,-36.09667974406193,20.358993816433227,21.262168438356294,-36.37625151794336,-35.80181507053382,7.72547363159139,7.694630041720849,1.2978598151845295,0.6237204968933864,23.734249281388735,22.37819356769541,-23.717258608623546,-23.184434428452857,-10.75765324810388,-9.76239975673976,26.68379509496707,26.415743025084204,14.006337930001678,14.125591163998488,14.089935649667064,13.62621257432718
0.4454454454454454,-36.157373219553726,-36.09599499079013,20.35783660515279,21.257265223447824,-36.376364205346725,-35.80344384510061,7.724930161521874,7.695801323003957,1.2999357885802147,0.6314414632550134,23.741567394181743,22.369348325232377,-23.71794012219813,-23.188701156695547,-10.761385454490664,-9.768526335839988,26.68318987557977,26.418832447748226,14.005701729414854,14.12471191487193,14.088510787215531,13.630050301373592
0.4464464464464464,-36.1578926818379,-36.09531186207073,20.3566931177928,21.252384568958657,-36.37651546459668,-35.805085161551304,7.724348614347933,7.696969732607554,1.3019782087530654,0.6391584820947392,23.749069960607457,22.360472397032193,-23.718647887114766,-23.19295426721621,-10.76508842994938,-9.774638344947348,26.68256755467963,26.421909512178033,14.005036636851996,14.123850943076137,14.087059710523382,13.633863352635936
0.4474474474474474,-36.1584309398899,-36.09463022507506,20.35556268958011,21.2475268367279,-36.37670612802241,-35.806738600055134,7.723728288807809,7.698135491147267,1.3039871453482588,0.6468711303267832,23.756761847630585,22.351566000019186,-23.71938268572345,-23.19719323471982,-10.768762622576896,-9.780735453044723,26.681927981436186,26.424974353823128,14.00434191505678,14.123008274345171,14.08558184841047,13.637652158678465
0.4484484484484484,-36.158988051803114,-36.09394995154753,20.35444465293683,21.24269238260063,-36.3769370391905,-35.80840373875578,7.723068470938461,7.699298814586175,1.3059626598398368,0.6545789848038164,23.76464801785474,22.342629351373954,-23.720145309991793,-23.201417535337708,-10.772408483912114,-9.786817330019588,26.681270994095257,26.428027102028686,14.003616816030746,14.12218392847175,14.084076613259196,13.64141713834672
0.4494494494494494,-36.15956408537437,-36.09327091772675,20.35333833737969,21.237881556275354,-36.37720905246348,-35.81008015370746,7.722368434427197,7.700459914299355,1.3079048054100386,0.6622816224535601,23.77273352805595,22.333662668623887,-23.720936561138064,-23.20562664676226,-10.77602646897949,-9.792883646738284,26.680596419876228,26.43106788009995,14.002860581391593,14.121377919433206,14.082543401472256,13.645158699002643
0.4504504504504504,-36.16015911823772,-36.092593004266405,20.352243069423466,21.23309470115545,-36.37752303247606,-35.811767418815194,7.721627441040496,7.701618997137979,1.3098136268343636,0.66997862041586,23.781023527315348,22.324666169751872,-23.721757249191384,-23.209820048385122,-10.779617036333889,-9.798934075120123,26.679904074879328,26.434096805369293,14.002072442803543,14.1205902555207,14.080981594000054,13.64887723675877
0.4514514514514514,-36.16077323798915,-36.09191609615606,20.35115817248953,21.22833215420474,-36.37787985352184,-35.81346510577928,7.720844741137006,7.702776265492924,1.3116891603729908,0.677669556180115,23.789523254713167,22.315640073323255,-23.722608192472673,-23.213997221438802,-10.783180648106212,-9.80496828821126,26.67919376400426,26.437113989265807,14.0012516224863,14.119820939471552,14.079390556944157,13.652573136711322
0.4524524524524524,-36.16140654230106,-36.09124008264189,20.350082966820683,21.22359424580743,-36.378280398842854,-35.815172784044016,7.720019574272099,7.703931917357819,1.3135314336692432,0.685354007722943,23.79823803654388,22.306584598631208,-23.72349021698953,-23.218157649141467,-10.786717770049366,-9.81098596025829,26.678465280881415,26.44011953738725,14.000397333809447,14.11906996860446,14.077769642243576,13.656246773172018
0.4534534534534534,-36.16205913902554,-36.09056485714742,20.349016769403384,21.218881299632578,-36.37872555981401,-35.81689002075076,7.719151169901861,7.7050861463914915,1.315340465655863,0.6930315536459585,23.80717328300978,22.2974999658605,-23.724404155737755,-23.222300816844818,-10.790228871583944,-9.816986766781527,26.67771840781718,26.443113549574235,13.999508781979632,14.118337334957436,14.07611818845108,13.65989850989843
0.4544544544544544,-36.162731146285054,-36.08989031719442,20.34795889389884,21.214193632503243,-36.379216235013885,-35.81861638069526,7.718238748194779,7.706239141979738,1.3171162664699296,0.7007017733135441,23.816334484347728,22.28838639626977,-23.725350847901975,-23.226426212184847,-10.793714425843088,-9.822970384647919,26.676952915754935,26.446096119986517,13.998585164828173,14.117623025428239,14.074435521607152,13.663528700322697
0.4554554554554554,-36.16342269254935,-36.08921636432384,20.34690865058429,21.209531554270523,-36.379753329173106,-35.82035142628942,7.717281520959886,7.707391089296378,1.3188588373773356,0.7083642469904913,23.82572720634134,22.27924411239227,-23.726331137947263,-23.23053332523536,-10.797174909715851,-9.828936492143537,26.6761685642534,26.449067337181248,13.997625673707237,14.1169270219171,14.072720956219609,13.667137687778466
0.4564564564564564,-36.16413391669706,-36.088542904017054,20.34586534630601,21.204895367692593,-36.3803377519909,-35.82209471752746,7.716278692700511,7.708542169363518,1.3205681707078163,0.7160185559793903,23.83535708516834,22.270073338254992,-23.727345874593443,-23.234621648664056,-10.8006108038884,-9.834884769045619,26.675365101484257,26.45202728419308,13.99662949450308,14.116249301471518,14.070973796357322,13.670725805725853
0.4574574574574575,-36.16486496806055,-36.08786984561729,20.344828284445715,21.200285368318937,-36.380970416810285,-35.82384581195657,7.715229461803262,7.709692559110992,1.322244249801618,0.723664282757648,23.84522982153028,22.260874299616216,-23.728395909663245,-23.238690677891036,-10.80402259288228,-9.840814896694102,26.67454226425096,26.454976038616014,13.995595808775215,14.1155898364329,14.069193336866835,13.674293377974323
0.4584584584584584,-36.16561600645216,-36.08719710225142,20.343796764902095,21.195701844379876,-36.38165223914173,-35.825604264652085,7.714133021872207,7.710842431434884,1.323887048968972,0.7313010111140121,23.855351174009563,22.251647224221262,-23.72948209679526,-23.24273991124957,-10.807410765088983,-9.846726558062608,26.67369977803095,26.45791367268685,13.994523795030766,14.114948594584815,14.067378864721109,13.677840718903274
0.4594594594594594,-36.16638720217026,-36.08652459075206,20.342770084089356,21.191145076681543,-36.38238413502501,-35.82736962819718,7.712988563218647,7.711991955255113,1.3254965334636513,0.7389283262844836,23.86572695159634,22.242392342076393,-23.73060529001222,-23.24676885014895,-10.810775812799957,-9.852619437828835,26.67283735704356,26.46084025337016,13.993412630143572,14.114325539302607,14.065529660509853,13.681368133680248
0.4604604604604604,-36.16717873598297,-36.08585223158012,20.34174753495477,21.186615338506442,-36.383167019218575,-35.82914145266731,7.711795274517175,7.7131412955719885,1.327072659471966,0.7465458150874975,23.876363005325924,22.233109885740614,-23.73176634213498,-23.250776999239292,-10.814118232231095,-9.858493222444322,26.671954704345993,26.463755842444684,13.992261490927952,14.113720629704149,14.06364500008137,13.684875918476559
0.4614614614614614,-36.16799079908764,-36.085179948747765,20.34072840701739,21.18211289551967,-36.38400180320549,-35.83091928561918,7.710552344639005,7.714290613521698,1.3286153741186697,0.7541530660582567,23.887265218965407,22.223800090635233,-23.732966103032215,-23.254763866578074,-10.817438523540847,-9.864347600203518,26.67105151196013,26.466660496591004,13.991069555877178,14.113133820801464,14.06172415634594,13.688364360680247
0.4624624624624625,-36.16882359304374,-36.08450766974189,20.339711986430174,21.177638005680926,-36.384889393005075,-35.83270267208462,7.709258964673777,7.715440066430653,1.330124615491344,0.7617496695821017,23.89843949868679,22.21446319537088,-23.734205417695836,-23.258728963798323,-10.82073719084074,-9.87018226131215,26.670127461032813,26.46955426748047,13.989836007077006,14.112565063652962,14.05976640125101,13.691833739106196
0.4634634634634634,-36.169677329676965,-36.08383532544809,20.338697556067896,21.17319091916243,-36.385830686778974,-35.834491154569136,7.707914330151158,7.716589807868633,1.3316003126849365,0.7693352180268047,23.90989176166276,22.205099442091715,-23.735485124131937,-23.262671806278224,-10.82401474219736,-9.875996897954826,26.66918222203271,26.472437201865233,13.988560032304624,14.112014305516054,14.057771007938683,13.695284324203302
0.4644644644644644,-36.17055223095189,-36.0831628500752,20.337684395643443,21.16877187827278,-36.38682657222076,-35.836284273055405,7.706517643473637,7.717739987700674,1.3330423858682356,0.7769093058736766,23.921627923520596,22.195709076836515,-23.73680605105716,-23.266591913312045,-10.82727168962453,-9.881791204361823,26.6682154549867,26.475309341669348,13.987240827323438,14.111481489999852,14.055737253095815,13.69871637825854
0.4654654654654654,-36.17144852881064,-36.082490181080395,20.336671781855127,21.164381117386863,-36.387877923718115,-35.838081565011706,7.70506811657179,7.718890752137623,1.334450746374171,0.7844715298473774,23.933653884589713,22.18629234991627,-23.73816901539051,-23.27048880828218,-10.830508549064428,-9.887564876875057,26.66722680975926,26.478170724080805,13.985877598384011,14.11096655721771,14.05366441950714,13.702130155597839
0.4664664664664664,-36.17236646497484,-36.08181725909495,20.335658988567815,21.16001886288191,-36.388985599277,-35.83988256540531,7.7035649737931085,7.720042243785313,1.335825296815934,0.7920214890443258,23.94597551487885,22.17684951630788,-23.73957481953084,-23.27436201883221,-10.833725840356388,-9.893317614013151,26.666215926378143,26.481021381644464,13.984469564941202,14.110469443939328,14.051551798821546,13.705525902783604
0.4674674674674675,-36.173306290707814,-36.081144027850556,20.334645287030828,21.155685333079667,-36.39015043719784,-35.841686806721036,7.702007455035102,7.721194601692275,1.3371659312310198,0.7995587850596033,23.958598637720385,22.167380836063554,-23.741024248410746,-23.278211077040755,-10.836924087191926,-9.899049116535608,26.66518243541007,26.483861342355816,13.983015962597204,14.109990083742161,14.049398694541232,13.708903858808807
0.4684684684684684,-36.17426826653402,-36.08047043410638,20.333629946135662,21.15138073819483,-36.391373252494205,-35.84349381898488,7.70039481913284,7.722347961395942,1.338472535255393,0.8070830221122547,23.971529012021673,22.157886574735375,-23.742518066318084,-23.28203551959606,-10.840103817054557,-9.90475908750601,26.664125958390127,26.48669062975546,13.98151604627966,14.109528407161845,14.047204425243027,13.712264255287513
0.4694694694694695,-36.17525266191269,-36.07979642757675,20.332612232716727,21.147105280289722,-36.39265483304548,-35.84530312979294,7.698726347510321,7.723502454967261,1.3397449863300692,0.8145938071688869,23.984772313066433,22.14836700381457,-23.744057013477217,-23.28583488797111,-10.84326556114287,-9.910447232354242,26.663046108308706,26.48950926302428,13.979969093663186,14.109084341841392,14.044968328040332,13.715607316641737
0.4704704704704704,-36.17625975486217,-36.07912196085953,20.331591411898295,21.14285915323525,-36.39399593547622,-35.84711426434562,7.6970013481040676,7.7246582110536695,1.3409831539425006,0.822090750065475,23.998334111814135,22.138822401184896,-23.74564180238299,-23.289608728599127,-10.846409854275256,-9.91611325893768,26.66194249016012,26.492317257079225,13.978374408841743,14.108657812678862,14.042689762293284,13.718933260284528
0.4714714714714714,-36.17728983153184,-36.07844698936523,20.33056674749119,21.138642542678177,-36.39539728075605,-35.84892674548728,7.695219159566085,7.7258153549203525,1.342186899905227,0.8295734636272849,24.012219852651025,22.12925305158956,-23.74727311388187,-23.293356593049378,-10.84953723477461,-9.921756877601327,26.660814701556856,26.495114622669647,13.976731326258047,14.108248741973263,14.040368113573454,13.722242296799187
0.4724724724724725,-36.17834318571789,-36.077771471246805,20.329537502442445,21.134455626014702,-36.39685954951607,-35.85074009375132,7.693379155751748,7.72697400848973,1.3433560786743215,0.8370415637868275,24.026434829553978,22.11965924711102,-23.748951592995972,-23.297078038203068,-10.852648244331323,-9.92737780123685,26.659662333413653,26.497901366474142,13.975039214894675,14.10785704956839,14.038002797887955,13.725534630114517
0.4734734734734734,-36.17942011831977,-36.0770953673302,20.3285029393416,21.130298572370368,-36.39838337707928,-35.85255382741084,7.691480750496312,7.7281342903791055,1.34449053771021,0.8444946696997644,24.040984160637457,22.110041287662987,-23.75067784448776,-23.300772626429275,-10.855743427842745,-9.932975745340492,26.658484970705675,26.50067749119786,13.973297482729752,14.107482652994358,14.03559326616606,13.728810457676008
0.4744744744744745,-36.18052093673345,-36.076418641045635,20.327462320987024,21.12617154258626,-36.39996934820539,-35.85436746253498,7.689523402681497,7.729296315936415,1.3455901178834817,0.8519324038586871,24.055872761064897,22.100399481493913,-23.752452428165306,-23.304439925760732,-10.858823333227306,-9.938550428069831,26.657282193304873,26.503442995670177,13.971505581457953,14.107125467606556,14.033139009009243,13.732069970612903
0.4754754754754755,-36.18164595417826,-36.075741258359585,20.3264149110158,21.122074689211512,-36.40161799155285,-35.85618051305102,7.687506621590982,7.730460197274016,1.3466546539283082,0.8593543922046971,24.07110531431847,22.090734145701173,-23.75427585393046,-23.308079510069376,-10.861888511211506,-9.944101570299349,26.656053576898767,26.50619787494276,13.969663011475037,14.106785406721762,14.030639561703214,13.735313353901011
0.4764764764764764,-36.18279548895359,-36.075063187707556,20.325359974600616,21.11800815650206,-36.40332977386425,-35.85799249081224,7.685429972550601,7.731626043300453,1.3476839749460932,0.8667602642367199,24.086686241836663,22.08104560675515,-23.75614857657521,-23.31169095924152,-10.8649395150878,-9.949628895674778,26.65479869399567,26.508942120387935,13.967769327121246,14.106462381751177,14.02809450948746,13.738540786521261
0.4774774774774775,-36.183969863622245,-36.07438439992757,20.324296779217033,21.113972080425643,-36.405105093884934,-35.85980290567175,7.683293082845599,7.732793959750155,1.348677904961908,0.8741496531184879,24.10261967104594,22.071334201032347,-23.7580709903349,-23.31527385935256,-10.867976900441592,-9.955132130666211,26.65351711502028,26.51167571979732,13.965824142175672,14.106156302330104,14.025503493074746,13.741752441613857
0.4784784784784784,-36.18516940411706,-36.07370486819437,20.323224595484305,21.109966588672982,-36.40694427602845,-35.86161126556236,7.681095647903373,7.733964049210984,1.349636263536215,0.8815221957831344,24.118909401832717,22.06160027535661,-23.760043423210544,-23.318827802841046,-10.871001224845411,-9.960611004619935,26.652208409503324,26.51439865748072,13.963827135589884,14.105867076444069,14.022866214409154,13.744948486628031
0.4794794794794795,-36.18639443876774,-36.0730245679544,20.32214269808282,21.105991800675096,-36.40884756380728,-35.863417076582486,7.678837437725769,7.735136411149608,1.3505588664342492,0.8888775330353446,24.135558871523816,22.051844187547545,-23.762066131076708,-23.32235238868211,-10.874013047518464,-9.96606524980896,26.650872147368705,26.517110914365198,13.961778057445065,14.1055946105511,14.020182442647275,13.748129083467298
0.4804804804804805,-36.18764529724511,-36.07234347686147,20.321050366750907,21.102047827626695,-36.41081511305208,-35.865219843088276,7.676518303550153,7.7363111419346335,1.3514455263552818,0.8962153096510137,24.152571118468117,22.042066306975084,-23.764139291595935,-23.325847222560018,-10.877012928949773,-9.971494601482236,26.64950790032113,26.519812468094358,13.959676735112344,14.10533880969998,14.017452020342477,13.751294388630177
0.4814814814814814,-36.188922309420285,-36.071661574713175,20.319946887363475,21.09813477251559,-36.412846984948025,-35.86701906779201,7.6741381847132,7.737488334857446,1.3522960537237794,0.9035351744743688,24.169948744339123,22.0322670151192,-23.766262997965654,-23.329311917039867,-10.880001430483164,-9.97689879791251,26.64811524333687,26.522503293127745,13.957523079590914,14.105099577644214,14.01467486980727,13.754444553346337
0.4824824824824825,-36.19022580413659,-36.07097884338799,20.318831553094544,21.094252730158026,-36.41494313892269,-35.868814251866816,7.671697115685604,7.73866808015073,1.353110257544222,0.9108367805125135,24.187693875307545,22.02244670613364,-23.76843725252888,-23.33274609173823,-10.882979113862586,-9.982277580442812,26.646693756259687,26.525183360840387,13.955317091993257,14.104876816951528,14.011850999623384,13.757579723708123
0.4834834834834834,-36.19155610789266,-36.070295266783084,20.317703665665235,21.090401787239895,-36.41710342542616,-35.870604895057895,7.669195233239744,7.739850465004612,1.3538879463210318,0.9181197850273621,24.20580812226456,22.01260578741254,-23.77066196028566,-23.336149373492713,-10.885946540736176,-9.987630693531564,26.645243025503262,26.527852639622427,13.95305887014097,14.104670429108669,14.008980511263344,13.76070004079743
0.4844844844844845,-36.19291354343558,-36.06961083075279,20.316562536678276,21.086582022363697,-36.41932757865037,-35.87239049580016,7.666632783705882,7.7410355735803975,1.3546289290446902,0.9253838496249333,24.224292540310135,22.002744680158777,-23.772936922348403,-23.33952139653032,-10.888904272117886,-9.992957884796253,26.64376264586088,26.53051109497884,13.950748615228596,14.10448031462134,14.006063605781272,13.763805640807918
0.4854854854854855,-36.19429842826365,-36.06892552304777,20.315407489039405,21.082793506101186,-36.42161520924156,-35.874170551342566,7.6640101302656225,7.74222348702187,1.3553330162446933,0.9326286403419773,24.24314758775601,21.992863819952746,-23.775261829390217,-23.342861802634488,-10.891852867805508,-9.998258905055684,26.64225222242197,26.533158689629218,13.948386638506491,14.104306373109061,14.003100590524244,13.766896655162533
0.4864864864864864,-36.195711073039085,-36.068239333254844,20.31423785846531,21.07903630105159,-36.42396579706652,-35.87594455787899,7.661327760224384,7.743414283464122,1.3560000211094934,0.9398538277299191,24.262373084929603,21.982963657320344,-23.77763625514206,-23.346170241310787,-10.89479288575429,-10.003533508370785,26.64071137259444,26.53579538360757,13.945973367927271,14.104148503394805,14.000091885808947,13.769973210626329
0.4874874874874875,-36.1971517799118,-36.06755225273741,20.31305299507697,21.0753104619053,-36.426378684100335,-35.877712010685904,7.658586292197507,7.744608038039902,1.3566297606730078,0.9470590869360989,24.281968173102698,21.9730446582988,-23.780059650000876,-23.349446369951103,-10.897724881405557,-10.008781452083932,26.639139728230393,26.538421134362203,13.943509354693724,14.104006603589232,13.997038031501768,13.773035429414614
0.4884884884884884,-36.198620840756305,-36.066864274576496,20.311852265076208,21.07161603551292,-36.428853067510055,-35.8794724042668,7.65578648313755,7.745804822883456,1.3572220570666385,0.9542440977823025,24.301931273905844,21.963107304998985,-23.782531334817165,-23.352689853996285,-10.900649406970096,-10.014002496856802,26.637536937851607,26.54103589685558,13.940995279639512,14.103880571169384,13.993939693433754,13.776083429296396
0.4894894894894895,-36.20011853532495,-36.06617539351246,20.310635052502494,21.067953060959564,-36.431387993015434,-35.88122523250339,7.652929235123416,7.747004707131852,1.3577767388350448,0.9614085448405741,24.322260049626948,21.953152096162768,-23.78505049493688,-23.35590036709713,-10.903567010666434,-10.019196406706724,26.63590266897003,26.543639623664205,13.938431959367678,14.103770303051704,13.990797669575578,13.779117323693166
0.4904904904904905,-36.20164512932155,-36.06548560588718,20.30940076106559,21.064321569644253,-36.433982348613895,-35.882969988813755,7.6500156018254035,7.7482077569237955,1.3582936423131378,0.9685521175063105,24.342951364827385,21.94317954771396,-23.787616174578112,-23.359077591273653,-10.90647823591455,-10.024362949041508,26.6342366104968,26.54623226507851,13.93582035206585,14.103675695659259,13.987612895891438,13.78213722177305
0.4914914914914914,-36.20320087240106,-36.06479490958689,20.308148816048742,21.06072158536433,-36.436634858762496,-35.884706166317315,7.6470467945542975,7.749414035395924,1.35877261306093,0.9756745100686384,24.36400124974239,21.933190193301357,-23.790227271628364,-23.362221217072495,-10.90938362048596,-10.029501894692777,26.63253847523194,26.548813769202713,13.933161562911684,14.10359664498305,13.98438645178539,13.78514322854034
0.4924924924924925,-36.204785996101855,-36.06410330398545,20.30687866627572,21.057153124404735,-36.439344079114306,-35.88643325800675,7.644024187797371,7.7506236026766056,1.3592135073519869,0.9827754217780843,24.38540486596169,21.923184584832278,-23.792882532952664,-23.36533094372245,-10.912283695611691,-10.03461301794773,26.630808002425184,26.551384082054707,13.9304568489773,14.103533046637331,13.981119565048765,13.78813544492047
0.4934934934934935,-36.206400711718786,-36.06341078988826,20.305589786133616,21.053616195631996,-36.44210839191032,-35.888150756926855,7.640949324139947,7.751836515877247,1.3596161937102755,0.9898545569115472,24.40715647491113,21.913163292995065,-23.79558055030622,-23.36840647928798,-10.915178985050073,-10.039696096579402,26.629044960396637,26.55394314766587,13.927707623537747,14.103484795908855,13.977813616213531,13.79111396784049
0.4944944944944945,-36.20804520812651,-36.06271736947654,20.304281677642123,21.05011080059283,-36.444926002130074,-35.88985815636035,7.637823918468187,7.75305282908115,1.359980554489238,0.9969116248345883,24.429249409675023,21.903126907768893,-23.798319756947635,-23.371447540820608,-10.918070004116949,-10.044750911875335,26.627249149204257,26.556490908180905,13.924915459685993,14.103451787799981,13.974470142213836,13.794078890305078
0.4954954954954955,-36.209719649563965,-36.06202304625215,20.30295387255835,21.046636933617183,-36.44779493450534,-35.89155495002052,7.634649861347248,7.754272593329946,1.3603064874858943,1.0039463400610578,24.45167605071039,21.89307603891921,-23.801098425049492,-23.374453854508154,-10.920957258681373,-10.049777248664725,26.625420403343327,26.55902730395762,13.92208209315572,14.1034339170656,13.971090839256728,13.797030301468203
0.4964964964964965,-36.21142417339248,-36.061327824982854,20.30160593450508,21.04319458192559,-36.4507130314997,-35.89324063225091,7.631429221469172,7.755495856607648,1.3605939075817666,1.0109584223100825,24.474427806007757,21.88301131647716,-23.803914664002345,-23.377425155821648,-10.92384124413055,-10.05477489534398,26.623558594461308,26.5615522736667,13.919209424253884,14.10343107824385,13.967677564803603,13.799968286700471
0.4974974974974975,-36.2131588878412,-36.06063171164798,20.300237461108743,21.039783725740687,-36.45367795235445,-35.89491469823172,7.628164247067024,7.7567226638223765,1.360842748401398,1.0179475965604372,24.497495096246855,21.872933391201197,-23.80676641970551,-23.380361189659865,-10.92672244430832,-10.059743643900735,26.621663634069694,26.564065754391425,13.916299518807152,14.103443165680616,13.964232338566104,13.802892927652296
0.4984984984984985,-36.21492386975517,-36.05993471338449,20.298848086132203,21.03640433840273,-36.45668717329555,-35.89657664419314,7.624857366196114,7.757953056785833,1.3610529639782425,1.0249135931023319,24.520867345478617,21.862842935019223,-23.80965147493333,-23.383261710491354,-10.929601330432156,-10.06468328993628,26.619735476232865,26.56656768172738,13.91335460803092,14.103470073547813,13.960757342424737,13.805804302312962
0.4994994994994995,-36.21671916236246,-36.05923683843347,20.297437481586034,21.03305638648898,-36.45973798898943,-35.89822596763531,7.621511185789725,7.759187074190566,1.3612245304167554,1.0318561475866455,24.544532977836568,21.852740641449397,-23.81256745085875,-23.38612648249384,-10.932478359994205,-10.069593632686436,26.617774120212236,26.569057989882104,13.910377087236109,14.103511695855468,13.957254919184916,13.808702485065703
0.5005005005005005,-36.21854477307826,-36.05853809608692,20.29600535980091,21.0297398299368,-36.46282751532514,-35.89986216755507,7.61812848940587,7.760424751585145,1.3613574475386394,1.0387750010716406,24.568479420740044,21.842627225997894,-23.81551180980701,-23.38895527969092,-10.935353975652491,-10.074474475040853,26.615779613042847,26.571536611774714,13.907369513297862,14.103567926457668,13.953727570094214,13.811587546738933
0.5015015015015015,-36.22040067136451,-36.05783849663492,20.294551475442606,21.026454622170295,-36.46595269358841,-35.90148474467911,7.614712233593111,7.761666121347301,1.3614517405003983,1.0456699000671972,24.59269311499851,21.832503426531765,-23.818481859300547,-23.391747886085867,-10.938228604118995,-10.079325623560747,26.61375205201805,26.57400347913549,13.904334600821558,14.103638659052397,13.95017795105573,13.814459554653732
0.5025025025025025,-36.22228678666497,-36.05713805131313,20.29307562745036,21.023200710230334,-36.46911029607842,-35.90309320170366,7.611265542817542,7.762911212655171,1.3615074613686982,1.0525405965766048,24.61715953216045,21.82237000362511,-23.821474757443,-23.394504095792488,-10.941102655051711,-10.08414688849507,26.61169158705721,26.576458522605414,13.90127521695504,14.103723787175376,13.94660886748629,13.817318572667762
0.5035035035035035,-36.22420300643584,-36.05643677225056,20.2915776608786,21.019978034907826,-36.47229693320083,-35.904687043540456,7.60779170290947,7.7641600514567255,1.3615246906394871,1.0593868481359532,24.64186319937205,21.812227740876764,-23.82448751967365,-23.397223713162834,-10.943976519958388,-10.088938083795128,26.609598422930578,26.578901671835645,13.898194374811924,14.103823204187982,13.94302326778408,13.820164661215737
0.5045045045045045,-36.22614917429301,-36.055734672417636,20.290057468621768,21.016786530880065,-36.47550906205209,-35.90626577756875,7.604294153007018,7.76541266043753,1.3615035386864769,1.066208417851167,24.66678773192122,21.802077445197657,-23.827517026906293,-23.39990655291165,-10.94685057111985,-10.093699027127649,26.60747282131524,26.58133285558696,13.895095225488648,14.103936803259362,13.939424235388357,13.822997877346626
0.5055055055055055,-36.22812508829659,-36.05503176557456,20.28851499300181,21.01362612684998,-36.47874299648864,-35.90782891389338,7.600776475994553,7.76666905898696,1.3614441471243908,1.0730050744327269,24.691915873542197,21.791919947066077,-23.830560035046577,-23.402552440237404,-10.949725160541222,-10.098429539886306,26.605315102655997,26.583752001829136,13.89198104867776,14.10406447734288,13.935814979433813,13.825818274757772
0.5065065065065065,-36.230130499393574,-36.05432806621991,20.28695022719806,21.010496745688158,-36.48199491865264,-35.90937596560851,7.59724238745611,7.767929263163018,1.3613466900724367,1.0797765922281226,24.71722954444697,21.781756100749032,-23.833613185860724,-23.405161210939763,-10.952600618939462,-10.103129447201711,26.60312564780556,26.586159037840236,13.888855241901108,14.104206119147051,13.93219882402364,13.828625903826067
0.5075075075075075,-36.23216511003893,-36.05362358953945,20.285363216499835,21.00739830457744,-36.48526089190232,-35.91090644906689,7.593695723187534,7.769193285655919,1.3612113753036832,1.0865227512520872,24.74270989693399,21.771586784487972,-23.83667301914673,-23.407732711533278,-10.9554772547757,-10.107798577949884,26.600904899419348,26.588553890305853,13.885721308408922,14.104361621101136,13.928579196167846,13.831420811636425
0.5085085085085085,-36.23422857301449,-36.05291835135524,20.283754059362913,21.004330715159952,-36.48853687507151,-35.91241988415442,7.590140425335219,7.7704611357505895,1.3610384452665258,1.0932433372146566,24.768337378304388,21.76141290064713,-23.83973598613628,-23.410266799357185,-10.958355353340888,-10.112436764759215,26.598653363081404,26.59093648541825,13.882582843813726,14.10453087531557,13.924959612456473,13.83420304200772
0.5095095095095095,-36.23632049046392,-36.05221236807492,20.28212290825219,21.00129388368642,-36.49181873795884,-35.91391579456965,7.58658052725369,7.771732819288285,1.3608281779651357,1.099938141547104,24.794091800694176,21.751235375822777,-23.8427984640333,-23.412763342681085,-10.96123517590298,-10.117043844015935,26.59637160813976,26.593306748975394,13.879443521550868,14.104713773537455,13.921343664560698,13.836972635516402
0.5105105105105106,-36.238440413160355,-36.051505656641226,20.280469970254465,20.998287711167556,-36.495102277924445,-35.91539370810804,7.5830201371980674,7.773008338627493,1.3605808876867522,1.1066069614257945,24.819952417310716,21.741055160911777,-23.84585677157309,-23.415222220806324,-10.96411695892368,-10.121619655868104,26.594060268231864,26.595664606479875,13.8763070772799,14.104910207101325,13.91773500367729,13.839729629518015
0.5115115115115115,-36.240587840021696,-36.05079823448174,20.27879550744712,20.995312093527428,-36.49838323745021,-35.91685315695058,7.579463420990174,7.774287692604326,1.3602969255648751,1.1132495997940115,24.84589800444586,21.730873231137824,-23.848907185465233,-23.41764332416286,-10.967000913352283,-10.12616404422814,26.591720041483168,26.5980099832377,13.87317729236227,14.105120066875442,13.91413732405345,13.84247405816685
0.5125125125125125,-36.24276221788601,-36.050090119458794,20.277099837010685,20.992366921758567,-36.50165732249987,-35.9182936779564,7.575914583817906,7.775570876492623,1.359976679968827,1.119865865381796,24.87190694853041,21.720690586033818,-23.85194595756491,-23.420026554401428,-10.969887224003584,-10.130676856773906,26.58935169036518,26.600342804456915,13.870057976570148,14.105343243203864,13.91055434574871,13.845205952433936
0.5135135135135135,-36.24496294155728,-36.04938132981965,20.27538333107571,20.989452082078728,-36.50492022149828,-35.91971481295911,7.572377851345991,7.7768578819639576,1.3596205767117826,1.1264555727238512,24.897957337397624,21.71050824937897,-23.854969332600486,-23.422371824480763,-10.97277604902622,-10.135157944948375,26.586956041202495,26.60266299534607,13.866952950198334,14.105579625844587,13.90698979680781,13.847925340123634
0.5145145145145145,-36.24718935412883,-36.04867188414686,20.273646416297165,20.986567456089084,-36.50816762473523,-35.921116109066375,7.568857450331697,7.778148697047802,1.359229079071154,1.133018542175552,24.9240270548404,21.700327269089204,-23.857973566272168,-23.42467905874966,-10.975667519466896,-10.139607163957892,26.58453398332213,26.60497048121245,13.863866025765333,14.10582910390403,13.903447395032725,13.85063224588907
0.5155155155155156,-36.24944074758896,-36.04796180130883,20.27188957315244,20.983712920933712,-36.51139524398853,-35.922497118962376,7.565357588951037,7.779443306092065,1.3588026876171715,1.139554599927108,24.95009387748025,21.690148717059568,-23.860954943526217,-23.426948193023634,-10.978561738935218,-10.14402437276906,26.582086467842267,26.607265187560106,13.860800989500328,14.10609156576819,13.899930829552927,13.853326691246659
0.5165165165165165,-36.25171636371006,-36.047251100410634,20.27011333496207,20.98088834946023,-36.514598832155016,-35.92385740121263,7.56188243704906,7.780741689724253,1.3583419398475578,1.146063578015919,24.976135572918107,21.679973688957507,-23.863909796803046,-23.429179174655935,-10.98145878337272,-10.148409434104279,26.579614506101716,26.60954704018757,13.85776158281992,14.106366899030787,13.8964437423999,13.856008694589969
0.5175175175175175,-36.25401539521934,-36.046539800745066,20.26831828663555,20.978093610381382,-36.51777420267547,-35.92519652057082,7.558436106531627,7.782043824813507,1.3578474096283162,1.1525453143371671,25.002129998109353,21.66980330396583,-23.866834524055257,-23.431371962602675,-10.98435870092878,-10.152762214435947,26.577119167735425,26.611815965285327,13.85475148400124,14.106654990418724,13.892989710294822,13.85867827120319
0.5185185185185185,-36.25633698724633,-36.045827921743914,20.266505063147648,20.97532856843745,-36.52091724854177,-35.92651404828706,7.55502263211557,7.78334968443378,1.357319706442826,1.1589996526526818,25.02805519689842,21.659638704474467,-23.86972560633348,-23.433526527481803,-10.987261511944917,-10.157082583979376,26.57460157840555,26.61407188953289,13.85177429025697,14.106955725715233,13.889572226857004,13.861335433274482
0.5195195195195195,-36.25868023903866,-36.04511548292953,20.264674347753793,20.972593084559314,-36.52402396068072,-35.9278095624171,7.551645952649176,7.784659237828396,1.356759474453574,1.165426442598116,25.053889495663373,21.649481055720116,-23.87257962474397,-23.435642851625666,-10.990167209047966,-10.161370416684429,26.572062917201663,26.61631474019552,13.84883350041224,14.107268989681057,13.88619468543499,13.863980189909428
0.5205205205205206,-36.26104420593507,-36.044402503866664,20.262826869956204,20.969887016031986,-36.52709044551944,-35.92908264813197,7.548309893205748,7.785972450376282,1.3561673913829444,1.1718255396884676,25.079611596056203,21.639331545373075,-23.875393276591726,-23.437720929126897,-10.993075757351432,-10.165625590225916,26.56950441372756,26.61854444522049,13.845932498374006,14.10759466597404,13.8828603627525,13.866612547144914
0.5215215215215215,-36.26342790158128,-36.0436890041146,20.260963403235102,20.96721021665851,-36.53011294155146,-35.93033289802745,7.545018148139767,7.787289283560142,1.3555441672214787,1.1781968053219796,25.105200663880357,21.629191383070673,-23.878163390536724,-23.43976076587735,-10.99598709476327,-10.169847985992794,26.56692734489563,26.620760933332885,13.843074537570114,14.107932637067515,13.879572403547776,13.86923250796365
0.5225225225225225,-36.26583030037192,-36.04297500317964,20.25908476256216,20.964562536924017,-36.53308783474024,-35.93155991243291,7.541774265278344,7.788609694936828,1.3548905427738658,1.1845401067824461,25.130636413220618,21.619061799896873,-23.880886940607702,-23.441762379599815,-10.998901132397291,-10.174037489076174,26.564333031453263,26.62296413413085,13.840262726518672,14.108282784167889,13.876333806367724,13.871840072309638
0.5235235235235235,-36.268250340099264,-36.04226052046795,20.25719180171545,20.961943824159786,-36.53601167261733,-35.93276329971873,7.538581631400652,7.7899336381102176,1.3542072880545974,1.1908553172399545,25.155899185030204,21.60894404780776,-23.88356105893778,-23.44372579987225,-11.00181775508439,-10.178193988256199,26.56172283426848,26.625153978180236,13.837500015668653,14.1086449871318,13.873147410658229,13.874435237104828
0.5245245245245245,-36.27068692478727,-36.041545575238736,20.255285410417457,20.9593539227072,-36.53888117695523,-35.93394267660191,7.53544345913548,7.791261062706845,1.3534952005466945,1.1971423157500831,25.18097001948288,21.598839399002802,-23.88618304710824,-23.44565106814422,-11.00473682197889,-10.182317375987818,26.559098150404477,26.62733039710859,13.8347891856307,14.10901912438328,13.870015885269444,13.87701799626723
0.5255255255255256,-36.27313892768799,-36.04083018655794,20.253366511319065,20.956792674081406,-36.541693254919295,-35.9350976684491,7.532362775382605,7.792591914354589,1.3527551033381455,1.2034009872515803,25.20583072151102,21.588749145241923,-23.888750386010493,-23.44753823774531,-11.007658167254446,-10.186407548385478,26.556460409014864,26.629493323698412,13.83213283689336,14.10940507283131,13.866941718470656,13.879588340730749
0.5265265265265265,-36.27560519441572,-36.0401143732523,20.251436056854,20.95425991713449,-36.544445008628664,-35.936227909576466,7.529342411338,7.793926134664682,1.3519878431516956,1.2096312225625403,25.230463919070633,21.578674597108638,-23.891260744160867,-23.449387373885227,-11.01058160088328,-10.190464405206793,26.55381106709268,26.63164269197962,13.82953338109515,14.109802707788198,13.863927209543863,13.882146258466982
0.5275275275275275,-36.278084546193654,-36.03939815386396,20.24949502598882,20.951755488218108,-36.54713374308165,-35.93733304354571,7.526384994176632,7.79526366121731,1.351194288284351,1.21583291837509,25.254853113798312,21.568617083219635,-23.893711984427885,-23.45119855364531,-11.01350690949187,-10.194487849835214,26.55115160510729,26.633778437321148,13.826993033897615,14.110211902889183,13.86097446199954,13.884691734509236
0.5285285285285285,-36.28057578318691,-36.03868154660559,20.247544420894293,20.949279221345336,-36.54975697242661,-35.938412723455656,7.523492940420562,7.796604427551083,1.350375326473438,1.2220059772486014,25.27898272384919,21.558577949381405,-23.89610216915634,-23.452971865961207,-11.016433857285737,-10.198477789261748,26.54848352256372,26.635900496521554,13.824513809479525,14.110632530013683,13.858085378432367,13.887224750979005
0.5295295295295295,-36.28307768789592,-36.03796456931612,20.24558526356391,20.94683094835163,-36.55231242458343,-35.9394666122286,7.52066845099468,7.797948363156636,1.3495318627062585,1.2281503076014348,25.3028381188268,21.548558557694683,-23.898429563696293,-23.454707411596463,-11.019362187035648,-10.202434134065756,26.545808333518774,26.638008807898657,13.82209751664814,14.111064459208594,13.855261657010216,13.889745287115128
0.5305305305305306,-36.28558902858418,-36.037247239417056,20.243618592405152,20.944410499054733,-36.55479804424407,-35.94049438289092,7.517913507948433,7.799295393474617,1.348664816990349,1.2342658237012223,25.32640564683194,21.5385602856077,-23.90069263836743,-23.45640530310674,-11.022291621117288,-10.206356798394882,26.543127562087776,26.640103311378002,13.819745756540646,14.111507558614054,13.852504789566169,13.892253319305862
0.5315315315315315,-36.28810856271513,-36.036529573869515,20.24164545882829,20.94201770141339,-36.557211994301234,-35.941495718847115,7.515229872799702,7.800645439898307,1.347775122101059,1.2403524456536894,25.349672653766213,21.52858452491937,-23.90289006890976,-23.45806566479451,-11.025221862596272,-10.210245699944142,26.540442737974654,26.642183948580154,13.817459921867805,14.111961694392079,13.849816061242167,13.89474882112408
0.5325325325325325,-36.29063504037366,-36.035811589131946,20.239666923856888,20.93965238168473,-36.55955265577312,-35.94247031414669,7.512619086437046,7.801998419781124,1.3468637213226733,1.2464100993900193,25.372627495124476,21.518632680733774,-23.90502073548985,-23.4596886326539,-11.028152596350496,-10.214100759934233,26.537755392056777,26.644250662906675,13.815241197633044,14.112426730658447,13.847196551613706,13.897231763365788
0.5335335335335335,-36.29316720764894,-36.035093301118664,20.23768405478256,20.937314364580136,-36.561818626308416,-35.94341787374317,7.510082470499053,7.803354246449222,1.345931566198603,1.2524387166527515,25.39525954059791,21.50870617036752,-23.90708372034764,-23.461274354305576,-11.0310834902218,-10.21792190308908,26.535067052053897,26.64630339962471,13.813090563243934,14.112902529418239,13.84464713720833,13.899702114092143
0.5345345345345345,-36.295703809956926,-36.034374725159196,20.23569792188539,20.935003473419513,-36.56400871736902,-35.94433811374458,7.507621130134841,7.804712829219419,1.3449796143053097,1.2584382349802115,25.417559171884097,21.498806422211683,-23.90907830418191,-23.4628229889214,-11.034014196189151,-10.221709057612685,26.532379238308668,26.648342105950107,13.811008795919143,14.113388950505405,13.842168495317052,13.902159838675166
0.5355355355355356,-36.29824359528221,-36.03365587595853,20.233709595239528,20.932719530283787,-36.56612195019863,-35.94523076165471,7.5052359580378685,7.80607407342264,1.344008827063611,1.264408597689461,25.43951777416248,21.488934874550242,-23.91100396138292,-23.464334707138732,-11.036944351555862,-10.225462155165314,26.529693459703683,26.650366731128912,13.80899647528322,14.113885851526708,13.839761108986718,13.904604899847271
0.5365365365365365,-36.300785317320994,-36.0329367675583,20.231720141621775,20.93046235616547,-36.56815755069324,-35.94609555660458,7.502927639636158,7.807437880433072,1.3430201675999147,1.2703497538577582,25.461127721741946,21.479092974337185,-23.912860354228343,-23.465809690964203,-11.039873580143636,-10.229181130839057,26.527011209737474,26.652377226517206,13.807053989033191,14.114393087810422,13.837425273073258,13.907037257754798
0.5375375375375375,-36.303327738508706,-36.03221741329896,20.229730621538952,20.928231771117215,-36.570114943294925,-35.94693224957332,7.500696659315795,7.808804147703198,1.3420145986686969,1.2762616583025115,25.48238235842277,21.469282175934502,-23.91464732616364,-23.467248133666818,-11.04280149348676,-10.23286592313282,26.52433396277923,26.654373545659144,13.805181539555672,14.114910512360078,13.835161101230415,13.909456870015616
0.5385385385385385,-36.30586963291783,-36.03149782578308,20.227742086387867,20.92602759439817,-36.571993744032525,-35.94774060359801,7.498543307550964,7.810172768804862,1.3409930806463006,1.282144271559714,25.50327597313817,21.4595039398136,-23.916364894290428,-23.468650239660303,-11.045727692020066,-10.23651647392678,26.521663170519236,26.656355644363074,13.803379151370008,14.115437975813624,13.832968533705811,13.91186369178096
0.5395395395395395,-36.30840978901366,-36.03077801683967,20.225755575759663,20.923849644618045,-36.57379375283368,-35.94852039397172,7.496467688812626,7.811543633476504,1.3399565696048314,1.287997559860836,25.52380377145162,21.449759731222734,-23.91801324118668,-23.470016224374575,-11.048651766254936,-10.24013272845635,26.5190002586292,26.65832348077569,13.801646679272643,14.115975326408245,13.830847345815863,13.914257675801544
0.5405405405405406,-36.31094701225753,-36.03005799748979,20.223772114898267,20.921697739878713,-36.575514945230495,-35.94927140842929,7.494469730129045,7.812916627676669,1.3389060154736168,1.293821495108159,25.54396184348696,21.440051018823276,-23.919592706180588,-23.471346314116293,-11.051573297938043,-10.243714635285702,26.516346623643955,26.660277015454042,13.799983817059264,14.116522409951159,13.828797156973042,13.91663877249804
0.5415415415415415,-36.31348012754936,-36.02933777791333,20.22179271232064,20.919571697913284,-36.57715746357775,-35.94999344732016,7.492549190174401,7.8142916336439,1.33784236029443,1.2996160548485274,25.56374712885878,21.430379273297763,-23.921103776196286,-23.47264074591846,-11.054491861188072,-10.247262146280876,26.51370363007331,26.662216211435354,13.79839010670478,14.117079069796624,13.826817440142628,13.919006930035959
0.5425425425425425,-36.31600798150301,-36.02861736741709,20.21981835760468,20.917471336222476,-36.57872160789736,-35.95068632376783,7.490705668766447,7.815668529963059,1.3367665365754209,1.3053812222454946,25.583157379153917,21.420745965932817,-23.92254707628432,-23.47389976737905,-11.057407023606244,-10.250775216582541,26.51107260775016,26.664141034304514,13.79686494788618,14.117645146829393,13.824907531611627,13.921362094404973
0.5435435435435435,-36.318529444549974,-36.027896774404326,20.217850019348667,20.915396472208183,-36.58020782645646,-35.951349863815366,7.4889386166602865,7.8170471916381565,1.3356794657474929,1.3111169860498406,25.602191118490236,21.41115256718015,-23.92392335994333,-23.475123636488682,-11.060318347356942,-10.25425380457842,26.50845484941871,26.666051452259126,13.795407607739602,14.118220479454818,13.823066640959196,13.923704209502663
0.5445445445445445,-36.3210434128687,-36.027176006345556,20.215888643304556,20.913346923304132,-36.58161670617909,-35.95198390655649,7.487247345532544,7.818427490171691,1.3345820567257498,1.3168233405684349,25.620847602649487,21.401600545199013,-23.925233499331927,-23.476312621447438,-11.06322539021531,-10.25769787187545,26.505851608564143,26.667947436172046,13.79401723075029,14.118804903595796,13.821293861125731,13.92603321722269
0.5455455455455456,-36.323548810138405,-36.02645506975098,20.21393515068566,20.911322507103513,-36.58294896298355,-35.95258830425189,7.485631038058228,7.819809293650501,1.3334752045775538,1.3225002856314199,25.63912677724698,21.39209136438351,-23.926478475461533,-23.47746700047084,-11.066127706579143,-10.26110738327169,26.503264097483186,26.669828959651277,13.7926928486822,14.119398252696696,13.819588178486308,13.928349057547353
0.5465465465465466,-36.32604458911769,-36.02573397014437,20.21199043664794,20.909323041483457,-36.584205432128854,-35.95316292243018,7.484088757991204,7.8211924668381245,1.332359789297784,1.3281478265576887,25.657029235363776,21.3826264838783,-23.927659368452396,-23.47858706158514,-11.06902484844292,-10.26448230672804,26.500693485592905,26.671695999097114,13.791433390462595,14.120000357734401,13.81794848284314,13.930651668644455
0.5475475475475475,-36.32852973304979,-36.02501271203856,20.210055368942704,20.9073483447263,-36.58538705864494,-35.95370763997333,7.482619460168087,7.822576871273592,1.3312366746909792,1.3337659741186327,25.674556175028144,21.373207356086354,-23.928777347926086,-23.479673102412097,-11.07191636633224,-10.267822613339781,26.4981408979736,26.673548533756485,13.790237691945872,14.12061104723657,13.816373577261157,13.932940986968418
0.5485485485485485,-36.33100325689728,-36.02429129891258,20.20813078673737,20.9053982356375,-36.58649488791273,-35.95422234918611,7.481222000364442,7.82396236537659,1.3301067073592632,1.3393547445001317,25.69170935689304,21.363835425172354,-23.92983366359885,-23.48072542994334,-11.074801810197352,-10.271128277308014,26.495607414139787,26.675386545774316,13.78910450548978,14.121230147307168,13.814862187680005,13.935216947365529
0.5495495495495496,-36.33346420841033,-36.0235697331905,20.206217499599948,20.9034725336601,-36.5875300564512,-35.954706955849346,7.47989514494113,7.825348804558906,1.328970715794236,1.3449141592627656,25.70849106241645,21.354512125565538,-23.93082963613142,-23.48174436030464,-11.077680730264886,-10.274399275910982,26.493094067032384,26.677210020241915,13.788032509286062,14.12185748165933,13.813412972245118,13.937479483183182
0.5505505505505506,-36.33591166903346,-36.022848016221964,20.204316286641944,20.901571058985713,-36.58849378296047,-35.95516137925668,7.478637580227452,7.826736041342007,1.3278295095704091,1.3504442453002206,25.72490405281192,21.345238880465654,-23.931766648282483,-23.482730218510223,-11.080552677847178,-10.277635589475352,26.490601842223736,26.679018945242216,13.787020316396172,14.122492871655544,13.812024530309438,13.939728526382995
0.5515515515515516,-36.33834475465635,-36.02212614826459,20.202427895813734,20.89969363266188,-36.58938735966164,-35.95558555223474,7.477447921596108,7.828123925480623,1.3266838786372313,1.3559450347958715,25.74095152899871,21.336017100355853,-23.932646136404585,-23.483683338207513,-11.083417206108988,-10.280837201347472,26.488131677326404,26.680813311891825,13.786066483450952,14.123136136355154,13.810695411065904,13.941964007657614
0.5525525525525525,-36.34076261621521,-36.02140412846809,20.200553043345767,20.897840076695744,-36.590212143966895,-35.955979421146445,7.476324722193042,7.829512304092155,1.3255345927063062,1.3614165651775163,25.756637092744324,21.326848181526223,-23.933469582313933,-23.484604061412522,-11.086273870791594,-10.284004097864633,26.48568446159581,26.682593114379802,13.785169518980943,14.123787092569115,13.809424121778928,13.944185856551023
0.5535535535535535,-36.34316444015152,-36.020681954860365,20.19869241332848,20.896010214153982,-36.59096955050596,-35.956342945877495,7.475266481292664,7.830901021791695,1.3243824007300515,1.3668588790702485,25.771964709158414,21.317733504611716,-23.93423850555823,-23.485492738236296,-11.089122230894626,-10.287136268326371,26.48326103571631,26.684358350003077,13.78432789135133,14.12444555492194,13.808209135590582,13.946394001582153
0.5545545545545546,-36.34554944873535,-36.019959624335414,20.196846657423563,20.894203869258916,-36.591661043528944,-35.956676099805875,7.474271652255861,7.832289920832458,1.3232280304677508,1.3722720242474482,25.786938670664824,21.30867443314819,-23.9349544561001,-23.486349726602757,-11.091961849316064,-10.290233704965832,26.48086219175978,26.686109019198447,13.783540036282092,14.125111335920696,13.807048898884082,13.948588370371569
0.5555555555555556,-36.347916900260955,-36.01923713264321,20.19501639469875,20.89242086748074,-36.5922881296994,-35.95697886975446,7.47333865007454,7.833678841251372,1.3220721881347393,1.3776560535798794,25.80156356254957,21.299672312150147,-23.93561900742785,-23.48717539195835,-11.094792293451176,-10.29329640292123,26.478488673305595,26.687845125571087,13.782804363940215,14.125784246030966,13.805941838193458,13.950768889770991
0.5565565565565566,-36.350266089122286,-36.01851447438155,20.193202211578335,20.89066103562581,-36.59285235128639,-35.95725125592669,7.472465858492099,7.835067621019551,1.3209155581303054,1.3830110249828835,25.815844230155896,21.290728466713794,-23.936233750099944,-23.487970106973933,-11.097613135751208,-10.296324360207427,26.47614117571071,26.68956667591951,13.782119265596108,14.126464093759552,13.804886366653871,13.952935485995386
0.5575575575575575,-36.352596345776305,-36.01779164298983,20.1914046619014,20.88892420192097,-36.593355279759585,-35.95749327182555,7.471651636694329,7.836456096197378,1.319758802839793,1.3883370013616607,25.829785747773705,21.281844200648912,-23.93680028572482,-23.488734251239393,-11.100423954242846,-10.299317577687635,26.473820346518497,26.69127368025694,13.78148311984135,14.127150685743766,13.803880889991984,13.955088084757373
0.5585585585585585,-36.35490703660203,-36.01706863074488,20.189624267079907,20.88721019609383,-36.59379850978737,-35.957704944155815,7.470894325569711,7.8378441010938795,1.3186025625063402,1.3936340505546354,25.843393389249492,21.273020795142855,-23.937320221373493,-23.4894682109514,-11.103224333009567,-10.3022760590453,26.47152678599512,26.692966151829037,13.780894298369205,14.127843826847082,13.802923812060197,13.95722661140363
0.5595595595595596,-36.357197563663114,-36.016345428758775,20.18786151634868,20.885518849448992,-36.59418365363432,-35.957886312709945,7.470192253542,7.839231468430074,1.3174474551676871,1.3989022452749038,25.85667260032427,21.264259507460036,-23.93779516441903,-23.490172378594906,-11.10601386263604,-10.305199810756141,26.46926104778233,26.69464410712795,13.780351171322902,14.12854332026089,13.802013539922145,13.959350991053041
0.5605605605605606,-36.35946736438168,-36.01562202697867,20.186116867099607,20.88384999494022,-36.594512335951514,-35.95803743023775,7.469543741981278,7.84061802950595,1.3162940766535245,1.4041416630497692,25.869628972690897,21.255561569679948,-23.93822671779375,-23.490847152618834,-11.108792140616885,-10.308088842060405,26.46702363965585,26.69630756590266,13.779852112219997,14.129248967612105,13.801148488500193,13.961461148736232
0.5615615615615616,-36.361715911131064,-36.01489841418865,20.18439074529249,20.882203467238458,-36.594786188950565,-35.958158362300196,7.468947110202547,7.8420036143707135,1.315143000638914,1.4093523861583674,25.88226821974836,21.246928187476804,-23.93861647565263,-23.49149293710657,-11.11155877173108,-10.310943164935304,26.464815024378808,26.697956551165603,13.779395502463656,14.129960569076324,13.800327084798075,13.963557009536212
0.5625625625625625,-36.363942710754735,-36.01417457801364,20.182683545935205,20.880579102795757,-36.59500684795012,-35.95824918710759,7.468400680063235,7.843388051995939,1.313994778749422,1.4145345015673991,25.894596154019037,21.238360538943546,-23.93896601942924,-23.492110141441806,-11.114313368383396,-10.313762794067694,26.462635620639983,26.699591089195543,13.778979735453976,14.130677923496236,13.799547771714137,13.96563849872977
0.5635635635635635,-36.36614730401863,-36.013450504925274,20.1809956336261,20.878976739905067,-36.59517594728203,-35.958309995342674,7.467902780172918,7.844771170451237,1.3128499407137126,1.4196881008649787,25.906618666185253,21.229859773462962,-23.939276914268973,-23.492699179970295,-11.117055550914188,-10.316547746826975,26.460485804067115,26.701211209536694,13.778603220314093,14.131400828504939,13.79880901146214,13.967705541929314
0.5645645645645646,-36.36832926500375,-36.01272618024984,20.179327343151837,20.877396218755894,-36.59529511654302,-35.958340889968916,7.467451749730058,7.846152797082041,1.3117089945595,1.4248132801926217,25.918341705693685,21.221427010628357,-23.9395507058231,-23.49326047165817,-11.119784947878982,-10.31929804323823,26.45836590830588,26.702816944994108,13.778264385247354,14.132129080653822,13.79810928861806,13.969758065224799
0.5655655655655656,-36.37048820044557,-36.01200158817815,20.177678980134203,20.87583738148585,-36.5953659771767,-35.95834198602451,7.467045942001718,7.847532758689126,1.3105724268489023,1.4299101401753957,25.92977126287008,21.213063339216124,-23.93978891738613,-23.493794439747404,-11.1225011962992,-10.322013705955614,26.456276226155612,26.704408331625306,13.777961680542626,14.132862475544666,13.797447112811971,13.971795995325408
0.5665665665665666,-36.372623749026566,-36.01127671177741,20.176050821719738,20.874300072228085,-36.59539013937013,-35.958313410402624,7.466683727463024,7.848910881709427,1.309440702949416,1.4349787858502607,25.940913352481996,21.204769816212284,-23.93999304735855,-23.494301511409006,-11.125203941885395,-10.32469476023598,26.45421701075338,26.70598540872822,13.777693581245702,14.13360080796555,13.79682102108491,13.973819259700665
0.5675675675675675,-36.37473558062794,-36.01055153300504,20.174443117306293,20.872784137154632,-36.59536919924878,-35.95825530161839,7.466363496613716,7.850286992397768,1.3083142673368902,1.4400193265926313,25.951773998683933,21.196547465894938,-23.940164567016453,-23.494782117394664,-11.127892839234386,-10.327341233912767,26.452188476798373,26.70754821882542,13.777458589515064,14.134343872030211,13.796229579930808,13.975827786720606
0.5685685685685685,-36.376823395545934,-36.00982603272437,20.172856089301085,20.87128942451571,-36.59530473635332,-35.958167809563164,7.466083662489425,7.851660917009064,1.3071935439270783,1.4450318760412015,25.962359221277012,21.18839727897432,-23.940304918569677,-23.495236691687367,-11.130567552001558,-10.329953157370133,26.45019080180922,26.70909680764468,13.77725523668054,14.135091461320439,13.795671387043638,13.977821505794696
0.5695695695695696,-36.37888692367831,-36.00910019072226,20.17128993390505,20.869815784674973,-36.59519831138195,-35.95805109524683,7.465842662885394,7.853032481980593,1.3060789364325085,1.4500165520210702,25.972675023214087,21.180320211791944,-23.94041551348991,-23.49566567115169,-11.133227753049692,-10.332530563517336,26.44822412740719,26.710631224095973,13.7770820850233,14.1358433690311,13.79514507278984,13.979800347509148
0.5705705705705706,-36.38092592368584,-36.008373985728504,20.169744821918673,20.86836307014082,-36.59505146418187,-35.95790533052852,7.465638962310296,7.854401514113909,1.3049708287416075,1.4549734764652147,25.982727379280774,21.172317185580095,-23.94049773109064,-23.496069495184386,-11.135873124575532,-10.335073487763365,26.446288560618815,26.71215152024484,13.776937729295526,14.136599388117387,13.794649301425698,13.981764243762315
0.5715715715715716,-36.38294018213349,-36.00764739543707,20.168220899564812,20.866931135593735,-36.594865711973895,-35.957730697836624,7.465471053687555,7.85576784075599,1.3038695853172055,1.4599027753343634,25.99252222588327,21.164389085782783,-23.94055291734111,-23.496448605365845,-11.138503358215363,-10.3375819679918,26.444384175191853,26.71365775128231,13.77682079799771,14.137359311443863,13.794182772078962,13.98371312789784
0.5725725725725725,-36.38492951261568,-36.006920396529026,20.16671828932435,20.865519837909755,-36.59464254779458,-35.95752738987866,7.465337459821215,7.8571312899792085,1.302775551611703,1.4648045785353219,26.00206545187461,21.156536761438936,-23.940582383896963,-23.49680344511313,-11.14111815513076,-10.340056044535915,26.442511012919137,26.715149975491343,13.776729954431122,14.138122931934896,13.793744219513348,13.985646934835232
0.5735735735735735,-36.3868937548696,-36.0061929646972,20.16523709078082,20.864129036180135,-36.59438343914073,-35.95729560934174,7.46523673464293,7.858491690759712,1.3016890544963915,1.46967901983781,26.011362890352657,21.148761024628495,-23.940587407330785,-23.497134459335115,-11.143717226075628,-10.342495760153989,26.440669084965073,26.71662825420994,13.776663897542432,14.138890042726063,13.793332414693944,13.987565601197588
0.5745745745745746,-36.388832773880345,-36.00546507467243,20.16377738147044,20.862758591727246,-36.59408982680159,-35.95703556858428,7.46516746425613,7.859848873153832,1.3006104027025662,1.4745262367898768,26.020420311364685,21.141062649981816,-23.940569228546455,-23.49744209409039,-11.146300291445726,-10.344901160004843,26.438858373190193,26.718092651790943,13.776621362576858,14.139660437316088,13.792946165170752,13.989469065436142
0.5755755755755756,-36.3907464589813,-36.00473670025139,20.162339217734377,20.861408368116802,-36.59376312386474,-35.956747489319774,7.46512826779278,7.861202668472116,1.2995398872722532,1.4793463706319543,26.029243415455735,21.13344237425256,-23.940529052361892,-23.497726796248468,-11.148867081311622,-10.347272291623572,26.437078831469464,26.719543235558657,13.77660112155556,14.14043390971894,13.792584315296889,13.991357267951386
0.5765765765765766,-36.39263472295289,-36.004007814325924,20.16092263557015,20.860078231166476,-36.59340471488224,-35.95643160229328,7.465117798097521,7.862552909450627,1.298477782016525,1.4841395662096264,26.03783782800025,21.125900895954082,-23.94046804724544,-23.497989013154932,-11.15141733543617,-10.349609204897453,26.435330387000523,26.72098007576236,13.776601983592268,14.14121025461563,13.792245746297011,13.993230151210478
0.5775775775775776,-36.39449750112263,-36.00327838891376,20.159527651479653,20.85876804895101,-36.59301595518433,-35.95608814695141,7.465134742253288,7.863899430419121,1.2974243439795408,1.488905971885183,26.046209094258987,21.1184388750591,-23.94038734519206,-23.498229192300993,-11.153950803277455,-10.351911952042041,26.433612941598323,26.72240324552682,13.776622795063368,14.141989267505366,13.791929376200814,13.995087659860674
0.5785785785785785,-36.39633475046903,-36.00254839519066,20.158154263311182,20.85747769180388,-36.59259817032848,-35.955717371106566,7.465177821961796,7.865242067465782,1.2963798139065923,1.4936457394480367,26.05436267510598,21.11105693276221,-23.94028804172601,-23.498447780998074,-11.156467243978147,-10.354180587577403,26.431926372973088,26.723812820799917,13.776662439645028,14.142770744855621,13.791634159655498,13.996929740838581
0.5795795795795796,-36.398146448731815,-36.00181780352374,20.15680245109341,20.85620703231564,-36.59215265567249,-35.955319530596135,7.4652457937915715,7.866580658598149,1.295344416714579,1.4983590240240867,26.062303943373013,21.103755651304713,-23.94017119601772,-23.49864522605787,-11.158966426342122,-10.3564151683045,26.430270535988782,26.725208880297473,13.776719838230008,14.143554484250778,13.791359087630283,13.998756343474968
0.5805805805805806,-36.3999325935305,-36.00108658350611,20.15547217785923,20.854955945329024,-36.59168067606077,-35.95489488893741,7.465337449305492,7.867915043899942,1.294318361963468,1.503045983984106,26.070038180761863,21.096535573860866,-23.94003783110316,-23.49882197347844,-11.161448128799226,-10.358615753281681,26.42864526389968,26.726591505445423,13.776793948736213,14.144340284538941,13.791103187025197,14.000567419594955
0.5815815815815816,-36.40169320149334,-36.0003547039925,20.154163390457864,20.853724307930896,-36.59118346561369,-35.954443716979,7.465451615079089,7.869245065683466,1.2933018443274311,1.5077067808512425,26.077570575277413,21.089397204484715,-23.93988893419475,-23.498978468136723,-11.163912139358988,-10.36078240380129,26.427050369562775,26.72796078031946,13.776883765818194,14.145127945976602,13.7908655201955,14.002362923613383
0.5825825825825826,-36.40342830739829,-35.99962213313604,20.152876020353514,20.85251199944119,-36.59066222761068,-35.953966292549424,7.465587152620162,7.870570568637316,1.2922950440644538,1.5123415792077217,26.084906219137373,21.082341008116295,-23.93972545707375,-23.499115153488003,-11.166358255554014,-10.362915183366335,26.42548564662426,26.729316791582228,13.77698832049212,14.145917270370775,13.79064518440235,14.004142812625206
0.5835835835835835,-36.40513796332761,-35.99888883842592,20.151609984409365,20.85131890139892,-36.590118134458,-35.953462900103624,7.465742958199592,7.871891399969125,1.2912981274833426,1.5169505466008373,26.09205010711724,21.07536741064598,-23.93954831655451,-23.499232471272666,-11.168786284373818,-10.365014157667229,26.423950870678414,26.730659628418252,13.777106679684,14.146708061218314,13.790441311199489,14.005907046490728
0.5845845845845846,-36.40682223783726,-35.998154786725905,20.15036518565565,20.850144897545356,-36.58955232773314,-35.952933830368124,7.465917962602549,7.873207409543097,1.290311247407152,1.521533853448325,26.09900713529156,21.06847679903554,-23.939358395011983,-23.499330861230696,-11.171196042189768,-10.367079394558571,26.4224458003975,26.73198938246671,13.777237945710285,14.147500123842073,13.790253065764944,14.007655587915577
0.5855855855855856,-36.408481215142515,-35.9974199443137,20.149141514040817,20.84898987380455,-36.58896591829803,-35.95237937998553,7.46611113080868,7.874518450012105,1.289334543632155,1.5260916729432106,26.105782100135333,21.061669521494323,-23.939156540964134,-23.49941076082423,-11.173587354671817,-10.369110964035936,26.42097017863157,26.733306147752185,13.777381255699275,14.148293265523641,13.790079646186156,14.009388402525294
0.5865865865865866,-36.41011499432056,-35.996684276920895,20.147938847164895,20.847853718261245,-36.588359986474096,-35.95179985115901,7.466321461609246,7.875824376944155,1.2883681433815772,1.5306241809582264,26.11237969795166,21.054945887708925,-23.938943569702015,-23.499472604968517,-11.175960056697608,-10.37110893821267,26.4195237334772,26.734610020613523,13.777535780961149,14.14908729563236,13.789920282706042,14.011105458934436
0.5875875875875876,-36.41172368853113,-35.9959477497736,20.146757050994413,20.846736321136348,-36.58773558227245,-35.95119555129749,7.466547987168572,7.877125048943018,1.287412161753391,1.535131555949892,26.11880452459428,21.048306169124523,-23.938720263960317,-23.499516825771607,-11.178313992254589,-10.373073391296648,26.41810617931446,26.73590109963099,13.777700726313824,14.149882025750378,13.789774236937037,14.012806728810116
0.5885885885885885,-36.41330742425582,-35.99521032763354,20.14559598055817,20.845637574760044,-36.587093725673114,-35.950566792662144,7.466789772536647,7.878420327762885,1.2864667021615617,1.539613978862353,26.125061075455775,21.041750599275993,-23.938487374622316,-23.499543852283,-11.180649014335648,-10.375004399566999,26.416717217811485,26.73717948555178,13.777875329371296,14.150677269793514,13.789640801049456,14.014492186929937
0.5895895895895896,-36.41486634055664,-35.994471974839556,20.14445548062347,20.844557373542717,-36.58643540694787,-35.949913892014834,7.467045915119156,7.879710078416885,1.2855318567702043,1.544071633031077,26.131153745694434,21.03527937416679,-23.9382456214532,-23.49955411025153,-11.182964984828825,-10.37690204135075,26.4153565388963,26.738445281214123,13.7780588598005,14.15147284412769,13.789519296939954,14.016161811234257
0.5905905905905906,-36.41640058835447,-35.9937326553495,20.143335386352454,20.843495613943766,-36.58576158702121,-35.94923717026909,7.467315544110741,7.8809941692793615,1.2846077069201722,1.5485047040864968,26.13708683067476,21.028892652693585,-23.93799569385659,-23.49954802189268,-11.18526177440158,-10.378766396999385,26.414023821695615,26.739698591470034,13.778250618552311,14.152268567680766,13.78940907538528,14.017815582872782
0.5915915915915916,-36.417910329727576,-35.99299233278228,20.14223552393816,20.84245219443846,-36.58507319786499,-35.94853695214418,7.467597819896817,7.882272472181795,1.2836943235476808,1.5529133798577015,26.142864526598608,21.02259055711445,-23.937738251649364,-23.499526005665516,-11.187539262380133,-10.380597548865287,26.41271873544044,26.740939523106935,13.778449937071771,14.153064262049577,13.789309515186083,14.019453486245471
0.5925925925925926,-36.41939573723068,-35.99225097046014,20.14115571122031,20.84142701548295,-36.584371142922215,-35.947813565822855,7.467891933428818,7.883544862502303,1.282791767594611,1.5572978502762693,26.1484909313056,21.016373173558467,-23.937473925850423,-23.499488476059412,-11.189797336624247,-10.38239558127805,26.411440940338565,26.742168184768225,13.778656176492156,14.153859751602035,13.789220022304992,14.021075509037777
0.5935935935935935,-36.420856993234615,-35.99150853145094,20.140095758280616,20.84041997947755,-36.583656297555954,-35.94706734261326,7.468197105577333,7.884811219248647,1.2819000904102056,1.5616583072803323,26.1539700452234,21.010240552574462,-23.93720331947939,-23.49943584339065,-11.19203589339796,-10.384160580520637,26.410190088413984,26.743384686872986,13.778868726817096,14.154654863574148,13.789140029002782,14.022681642250243
0.5945945945945946,-36.4222942892868,-35.99076497861046,20.139055468017546,20.83943099072844,-36.582929509519914,-35.946298616615515,7.46851258646721,7.8860714251347215,1.2810193341439098,1.5659949447189712,26.159305772449738,21.004192709716655,-23.93692700836168,-23.499368513609017,-11.194254837236596,-10.385892634805364,26.40896582431346,26.744589141534956,13.779087006094622,14.155449428161845,13.789068992976,14.024271880222509
0.5955955955955956,-36.42370782549252,-35.99002027462457,20.13803463670077,20.838459955407913,-36.5821915994471,-35.94550772439343,7.468837654798341,7.8873253666505,1.2801495321291654,1.5703079582570276,26.164501921949835,20.998229626164846,-23.936645541936624,-23.499286888114476,-11.19645408081048,-10.38759183424969,26.407767786080537,26.745781662480884,13.779310459586506,14.156243278607505,13.78900639649906,14.025846220651777
0.5965965965965966,-36.425097809916984,-35.98927438205126,20.137033054505235,20.837506781513227,-36.58144336135373,-35.94469500465178,7.469171617155487,7.888572934125433,1.2792907092579997,1.5745975452804264,26.169562208854135,20.9923512493769,-23.936359444065904,-23.499191363583922,-11.19863354478569,-10.389258270851801,26.406595605897397,26.746962364968446,13.779538558936054,14.15703625128113,13.78895174557349,14.027404664605832
0.5975975975975976,-36.426464458008134,-35.98852726336236,20.136050506025125,20.836571378824278,-36.5806855631555,-35.94386079791954,7.4695138073102125,7.889814021785325,1.2784428823462972,1.5788639048020932,26.174490255842493,20.986557493771144,-23.936069213839495,-23.49908233180805,-11.20079315768218,-10.390892038465955,26.405448910794934,26.748131365703834,13.779770801337111,14.157828185756081,13.788904569086617,14.028947216530682
0.5985985985985985,-36.42780799203998,-35.98777888098489,20.135086770767867,20.835653658860153,-36.57991894719377,-35.943005446239525,7.469863585517688,7.891048527802723,1.2776060604896708,1.583107237368557,26.17928959460236,20.9808482414364,-23.935775326376948,-23.49896017953834,-11.202932855729616,-10.392493232777593,26.404327323331643,26.749288782759148,13.7800067087068,14.158618924879345,13.788864417981776,14.03047388425294
0.5995995995995996,-36.42912864057635,-35.9870291973421,20.134141623628487,20.83475353483469,-36.579144230769394,-35.94212929286463,7.470220337810844,7.892276354340867,1.2767802454098869,1.5873277449673187,26.18396366734944,20.975223342867316,-23.93547823362192,-23.498825288344083,-11.205052582721176,-10.394061951278179,26.40323046224176,26.75043473548974,13.780245826864144,14.159408314836332,13.788830864441769,14.031984678977059
0.6006006006006006,-36.43042663795481,-35.98627817489391,20.133214835344585,20.833870921611176,-36.5783621066821,-35.941232681961154,7.470583475294133,7.893497407591275,1.2759654317918216,1.5915256309350667,26.188515828400476,20.96968261772273,-23.935178365128102,-23.49867803447943,-11.207152289865666,-10.395598293239768,26.402157943053407,26.751569344451628,13.780487724716634,14.160196205210157,13.788803501087113,14.033479615277539
0.6016016016016016,-36.43170222379041,-35.98552577617682,20.132306172932243,20.83300573565629,-36.57757324377361,-35.940315958319424,7.470952433438899,7.894711597805048,1.2751616076109598,1.5957010998668215,26.19294934578863,20.964225855604763,-23.934876128835057,-23.49851878876034,-11.209231935638146,-10.397102359689288,26.401109378677255,26.75269273131909,13.78073199345638,14.160982449035457,13.788781940190344,14.034958711086242
0.6026026026026026,-36.43295564249912,-35.984771963843244,20.13141540010326,20.8321578949934,-36.57677828747281,-35.93937946707194,7.471326671382137,7.895918839317986,1.2743687544514624,1.5998543575260822,26.197267402913,20.95885281685648,-23.934571911832396,-23.498347916451365,-11.211291485629374,-10.398574253382511,26.400084379966422,26.753805018802602,13.780978245767436,14.161766902846743,13.78876581290747,14.036421987674977
0.6036036036036035,-36.43418714284041,-35.98401670070007,20.13054227766406,20.831327319155335,-36.57597786034152,-35.938423553419334,7.471705671230272,7.897119050569634,1.2735868478148595,1.6039856107560486,26.20147310021445,20.953563233375856,-23.934266081111357,-23.498165777162107,-11.213330912394277,-10.400014078777714,26.399082556248377,26.754906330567184,13.781226115045564,14.16254942672135,13.788754768527472,14.03786946963349
0.6046046046046046,-36.435396977478824,-35.983259949746525,20.129686563896666,20.830513929136703,-36.5751725626194,-35.937448562364324,7.472088937369341,7.8983121541163825,1.2728158574194357,1.6080950673919916,26.205569456870833,20.94835680944394,-23.9339589843025,-23.49797272475322,-11.215350195299662,-10.40142194200902,26.398103515829423,26.7559967911513,13.781475254631642,14.16332988431702,13.788748473740542,14.039301184843033
0.6056056056056056,-36.436585402564056,-35.98250167421122,20.12884801492222,20.829717647345934,-36.57436297276699,-35.936454838453834,7.472475995782839,7.899498076638755,1.2720557474903973,1.6121829361748348,26.20955941250527,20.943233222565137,-23.933650950398803,-23.49776910725182,-11.21734932037143,-10.402797950859396,26.39714686647274,26.757076525886415,13.78172533705964,14.164108142904206,13.788746611925673,14.040717164445685
0.6066066066066066,-36.4377526773291,-35.98174183758831,20.128026385047384,20.82893839755705,-36.573549648005624,-35.93544272552944,7.472866393378336,7.900676748943029,1.27130647704093,1.6162494266660146,26.21344582890187,20.938192124317553,-23.933342290463383,-23.49755526677607,-11.219328280141411,-10.404142214733323,26.39621221585048,26.758145660817306,13.781976053320024,14.164884073393175,13.788748882457991,14.042117442809575
0.6076076076076076,-36.43889906370618,-35.98098040367274,20.127221427094163,20.828176104861353,-36.572733124853386,-35.93441256648625,7.473259697323805,7.90184810595735,1.2705680001442523,1.6202947491636783,26.21723149172381,20.933233141211428,-23.93303329832123,-23.497331539468817,-11.22128707349408,-10.405454844629105,26.395299171970905,26.759204322623237,13.782227112139292,14.16565755035599,13.788755000036156,14.043502057490237
0.6086086086086087,-36.44002482595994,-35.980217336594556,20.126432892713513,20.82743069561905,-36.57191391965628,-35.933364703040326,7.473655494394496,7.903012086722501,1.2698402661968085,1.624319114620276,26.22091911222925,20.928355875553773,-23.932724251234465,-23.497098255439997,-11.223225705513286,-10.406735953110832,26.394407343581214,26.760252638540077,13.782478239276164,14.166428452043494,13.788764694030023,14.04487104918822
0.6096096096096096,-36.44113023033748,-35.9794526008522,20.12566053268328,20.826702097410962,-36.571092529113784,-35.93229947550471,7.474053390331074,7.904168634377503,1.2691232201727234,1.6283227345616018,26.224511328981094,20.923559906317333,-23.93241541056074,-23.49685573871766,-11.225144187329176,-10.40798565427999,26.393536340546905,26.76129073628348,13.782729176834945,14.167196660397401,13.788777707848649,14.046224461703197
0.6106106106106106,-36.44221554473482,-35.97868616134471,20.124904097190857,20.825990238990364,-36.57026943079825,-35.93121722257417,7.474453009209614,7.905317696140225,1.2684168028696838,1.632305821007334,26.228010709546968,20.91884479001214,-23.932107022394543,-23.49660430720734,-11.227042535965454,-10.409204063746701,26.39268577420842,26.762318743973168,13.78297968259635,14.167962061057622,13.788793798328667,14.047562341884717
0.6116116116116116,-36.44328103837933,-35.977917983402925,20.12416333610107,20.825295050235063,-36.56944508366752,-35.930118281118546,7.474853992823971,7.906459223283184,1.2677209511463892,1.6362685863931206,26.23141975218623,20.91421006155795,-23.93179931819112,-23.496344272659552,-11.228920774187158,-10.410391298600612,26.39185525771588,26.76333679005844,13.783229529366132,14.16872454336494,13.788812735142962,14.048884739579837
0.6126126126126126,-36.44432698152762,-35.97714803281946,20.123437999209735,20.82461646209979,-36.56861992857036,-35.929002985984894,7.47525600008094,7.907593171104737,1.2670355981517396,1.640211243494254,26.234740887521337,20.909655235155903,-23.931492515372952,-23.49607594064516,-11.230778930349029,-10.411547477381413,26.391044406342647,26.764345003244962,13.783478504341598,14.169484000359201,13.788834300229452,14.050191707577783
0.6136136136136137,-36.44535364517851,-35.97637627587762,20.12272783648338,20.823954406568976,-36.56779438874409,-35.92787166980826,7.475658706408547,7.908719498895849,1.2663606735459283,1.6441340053509743,26.237976480190977,20.905179805157953,-23.93118681791871,-23.495799610538338,-11.232617038244658,-10.41267272004901,26.390252837778544,26.76534351242292,13.783726408496198,14.170240328773145,13.788858287239886,14.05148330155188
0.6146146146146146,-36.44636130080062,-35.97560267937912,20.122032598285564,20.823308816609984,-36.56696887030441,-35.926724662831134,7.476061803177742,7.909838169902642,1.2656961037136112,1.648037085195438,26.241128830482943,20.90078324693249,-23.930882416934725,-23.49551557550692,-11.234435136956506,-10.41376714795332,26.38948017240341,26.766332446596575,13.783973055982182,14.170993429022035,13.788884501008289,14.052759579998893
0.6156156156156156,-36.44735022007404,-35.97482721067057,20.12135203559025,20.822679626126877,-36.56614376272673,-35.92556229273151,7.476464997137688,7.910949151284924,1.2650418119693247,1.6519206963803843,26.244200175944865,20.89646501772485,-23.93057949120894,-23.495224122509807,-11.236233270706895,-10.414830883803731,26.38872603354183,26.767311934815314,13.784218273551309,14.171743205189234,13.788912757038831,14.054020604176026
0.6166166166166166,-36.44832067464573,-35.97404983766876,20.12068590018274,20.822066769914773,-36.5653194393191,-35.9243848844595,7.476868009864798,7.912052414070901,1.2643977187553397,1.6557850523095288,26.247192692971147,20.89222455751135,-23.9302782077476,-23.494925532301174,-11.238011488710114,-10.415864051638197,26.387990047699702,26.76828210610624,13.784461899993545,14.172489565007899,13.788942881012762,14.055266438035721
0.6176176176176176,-36.4492729358981,-35.97327052888472,20.12003394484855,20.821470183614856,-36.56449625768624,-35.923192760082365,7.477270577225608,7.913147933108276,1.263763741832122,1.6596303663697103,26.2501084983649,20.88806128984566,-23.929978722294724,-23.494620079441244,-11.239769845025696,-10.416866776791997,26.38727184478344,26.76924308940834,13.784703785593594,14.173232419838943,13.788974708314036,14.056497148158487
0.6186186186186187,-36.45020727473043,-35.97248925344652,20.119395923550737,20.820889803670102,-36.56367456018484,-35.921986238637984,7.477672448853517,7.914235687011938,1.263139796461589,1.6634568518648143,26.252949650873575,20.883974622696293,-23.929681179834535,-23.494308032313306,-11.241508398412972,-10.417839185866155,26.38657105830245,26.770195013508292,13.784943791605157,14.17397168464544,13.789008083573236,14.05771280368391
0.6196196196196196,-36.451123961352586,-35.9717059811208,20.11877159159602,20.820325567281763,-36.56285467436967,-35.92076563599651,7.47807338763942,7.915315658108444,1.2625257955833429,1.6672647219514907,26.255718152697444,20.87996394927422,-23.929385715077185,-23.4939896531467,-11.243227212187016,-10.418781406695535,26.38588732555567,26.771138006977942,13.78518178974263,14.174707277963638,13.789042860229396,14.058913476240058
0.6206206206206206,-36.45202326509066,-35.97092068233304,20.11816070579027,20.819777412366673,-36.56203691343065,-35.91953126473018,7.478473169236161,7.916387832377508,1.261921649984061,1.6710541895766848,26.258415950970107,20.876028648849527,-23.92909245292791,-23.493665198045516,-11.244926354076004,-10.419693568316603,26.385220287802763,26.77207219811352,13.785417661690088,14.175439121870733,13.789078900109242,14.060099239871443
0.6216216216216216,-36.45290545420409,-35.97013332818655,20.11756302458364,20.819245277515407,-36.56122157662083,-35.91828343399115,7.4788715815767635,7.917452199390679,1.2613272684602344,1.6748254674169913,26.261044939210425,20.87216808755625,-23.928801508939948,-23.49333491702271,-11.246605896080094,-10.420575800934893,26.3845695904207,26.77299771487656,13.785651298627243,14.176167141949605,13.789116073023427,14.06127017096571
0.6226226226226226,-36.45377079571382,-35.96934389048019,20.1169783082058,20.818729101951362,-36.560408949675015,-35.9170224493971,7.479268424406316,7.918508752247429,1.2607425579744247,1.6785787678198438,26.263606958745395,20.8683816191845,-23.928512989751507,-23.492999054039363,-11.248265914331917,-10.421428235892167,26.383934883046372,26.773914684836623,13.78588260077211,14.176891267250657,13.789154256379316,14.06242634817925
0.6236236236236237,-36.45461955524111,-35.968552341724816,20.11640631879176,20.81822882549076,-36.55959930521933,-35.91574861292465,7.479663508827397,7.919557487508828,1.260167423805234,1.6823143027465464,26.266103800103625,20.864668585959105,-23.928226993507096,-23.4926578470488,-11.249906488958665,-10.422251005633283,26.383315819705835,26.774823235115804,13.786111476940054,14.177611430250924,13.78919333480977,14.063567852361873
0.6246246246246246,-36.455451996856546,-35.96775865515845,20.11584682049855,20.81774438850364,-36.55879290317154,-35.914462222810194,7.480056656858874,7.920598405129019,1.2596017696911577,1.6860322837171497,26.268537204379136,20.861028319304065,-23.92794361026355,-23.492311528045324,-11.251527703945944,-10.423044243672804,26.382712058930856,26.775723492335068,13.786337844118918,14.178327566810646,13.789233199817565,14.064694766480729
0.6256256256256256,-36.45626838293893,-35.966962804760165,20.115299579613183,20.817275731875863,-36.557989991132274,-35.91316357345818,7.480447701007921,7.921631508384668,1.259045497968503,1.6897329217571764,26.27090886456543,20.857460140592185,-23.927662922381085,-23.491960323117254,-11.253129647003318,-10.423808084561319,26.382123263863313,26.776615582562393,13.786561627059871,14.179039616127447,13.789273749434852,14.065807175543618
0.6266266266266266,-36.45706897404356,-35.966164765262775,20.114764364652345,20.816822796972154,-36.55719080476709,-35.91185295535653,7.480836483855035,7.92265680380259,1.2584985097035493,1.6934164273461907,26.273220426859673,20.853963361879284,-23.927385004899744,-23.49160445250403,-11.254712409431711,-10.424542663851543,26.381549102348067,26.777499631262774,13.786782757883635,14.179747520688288,13.789314887897271,14.066905166521842
0.6276276276276276,-36.457854028779614,-35.96536451216421,20.11424094645405,20.81638552560021,-36.5563955681796,-35.910530654999086,7.481222857651882,7.9236743010857165,1.2579607048191226,1.6970830103682115,26.275473491937124,20.850537286622497,-23.927109925901583,-23.491244130657133,-11.256276085992628,-10.425248118064168,26.380989247014856,26.77837576325009,13.787001175701716,14.180451226219365,13.78935652533216,14.067988828272753
0.6286286286286287,-36.4586238036962,-35.96456202173766,20.113729098261743,20.8159638599759,-36.55560449427565,-35.90919695481485,7.481606683931721,7.924684013037607,1.2574319822157574,1.7007328800639607,26.27766961619588,20.847181210382207,-23.926837746858993,-23.490879566304514,-11.257820774779256,-10.4259245846535,26.38044337534977,26.77924410264078,13.787216826252273,14.181150681634097,13.789398577460432,14.069058251462131
0.6296296296296297,-36.45937855317672,-35.9637572710406,20.11322859580108,20.81555774268956,-36.55481778511859,-35.90785213310385,7.481987833132195,7.925685955485649,1.256912239887613,1.7043662449849386,26.279810312972113,20.843894421507205,-23.92656852296944,-23.49051096251836,-11.25934657708953,-10.426572201972895,26.379911169756827,26.78010477280943,13.787429661550282,14.181845838979376,13.789440965311645,14.070113528486521
0.6306306306306306,-36.46011852934126,-35.96295023792245,20.112739217349805,20.81516711667344,-36.55403563227589,-35.90649646397944,7.48236618423024,7.926680147203147,1.256401375033312,1.7079833129493167,26.28189705372601,20.84067620180277,-23.92630230347713,-23.490138516785866,-11.260853597301104,-10.427191109240017,26.37939231761017,26.780957896346173,13.78763963955157,14.18253665338021,13.789483614951752,14.07115475339567
0.6316316316316316,-36.46084398195653,-35.9621409010312,20.112260743801,20.81479192517026,-36.553258217157115,-35.905130217316795,7.482741624388862,7.927666609830428,1.255899284161864,1.7115842909996328,26.28393126919872,20.83752582718136,-23.92603913198184,-23.489762421082837,-11.262341942748344,-10.427781446501912,26.37888651129737,26.781803595015948,13.787846723830334,14.183223082982934,13.789526457223152,14.072182021815172
0.6326326326326326,-36.461555158353185,-35.9613292398188,20.11179295872003,20.814432111702924,-36.55248571134336,-35.90375365870751,7.483114048615546,7.928645367795163,1.2554058631938312,1.715169385362275,26.28591435054063,20.83444256829572,-23.925779046735375,-23.489382861949867,-11.2638117236013,-10.428343354599951,26.37839344825435,26.7826419897196,13.788050883269827,14.183905088897115,13.789569427496485,14.073195430869458
0.6336336336336337,-36.46225230335008,-35.96051523454543,20.1113356483955,20.81408762004542,-36.55171827690835,-35.902367049419894,7.483483359432009,7.929616448232014,1.2549210075578994,1.718738801408737,26.287847650411297,20.831425691154198,-23.925522080925948,-23.489000020570856,-11.265263052746748,-10.428876975134624,26.37791283099233,26.783473200456807,13.788252091765756,14.184582635136287,13.78961246543382,14.074195079105209
0.6346346346346347,-36.46293565918515,-35.959698866282636,20.110888601884476,20.81375839419483,-36.55095606673129,-35.90097064636502,7.483849466555068,7.930579880901795,1.2544446122829995,1.7222927436186264,26.289732484051463,20.828474457718137,-23.925268262950944,-23.48861407285367,-11.26669604567124,-10.42938245043023,26.3774443671173,26.78429734629081,13.78845032794205,14.18525568855768,13.789655514762757,14.07518106641533
0.6356356356356356,-36.46360546545276,-35.958880116915374,20.110451611052337,20.813444378344563,-36.55019922480158,-35.89956470206808,7.484212286588325,7.931535698110248,1.2539765720861384,1.7258314155444046,26.291570130327568,20.82558812648129,-23.92501761667833,-23.488225189512715,-11.268110820346251,-10.429859923499466,26.37698776934241,26.785114545314936,13.788645574878611,14.185924218801043,13.789698523061016,14.076153493963565
0.6366366366366366,-36.46426195904693,-35.95805896914303,20.110024470607428,20.813145516858715,-36.54944788651563,-35.89814946464504,7.484571742724431,7.9324839346266085,1.253516781456077,1.7293550197778371,26.293361832749135,20.822765953031176,-23.92477016169714,-23.487833536153218,-11.269507497115391,-10.430309538007938,26.376542755493713,26.78592491462092,13.78883781985068,14.186588198226712,13.789741441551104,14.077112464109836
0.6376376376376376,-36.464905374110536,-35.957235406479356,20.10960697813085,20.812861754247617,-36.548702178965776,-35.89672517778422,7.484927764457645,7.933424627602056,1.2530651347330084,1.7328637579181319,26.295108800459648,20.82000719059239,-23.924525913557385,-23.487439273357047,-11.270886198583716,-10.430731438238617,26.376109048509637,26.786728570268952,13.78902705407942,14.187247601853036,13.789784224904684,14.078058080336426
0.6386386386386387,-36.46553594198988,-35.95640941325141,20.109198934101595,20.812593035144552,-36.5479622212216,-35.89529208073277,7.485280287306429,7.934357816488199,1.252621526184368,1.7363578305417384,26.296812209201185,20.81731109055187,-23.924284883999665,-23.487042556769836,-11.272247049509126,-10.431125769056253,26.375686376434576,26.787525627259466,13.789213272493404,14.187902407293278,13.789826831056187,14.078990447175045
0.6396396396396397,-36.46615389119451,-35.955580974597524,20.108800141917335,20.812339304283608,-36.547228124603635,-35.893850408287726,7.485629252545802,7.935283542955696,1.2521858500769172,1.739837437173784,26.298473202253493,20.81467690296625,-23.924047081174965,-23.48664353718926,-11.27359017669588,-10.431492675871766,26.37527447240698,26.788316199506635,13.789396473500572,14.188552594692108,13.78986922102537,14.079909670134885
0.6406406406406406,-36.46675944736209,-35.95475007646431,20.108410407911016,20.812100506478718,-36.546499992949784,-35.892400390791416,7.485974606949212,7.936201850813131,1.2517580007452307,1.7433027762611177,26.30009289134792,20.81210387705132,-23.923812509854816,-23.486242360654288,-11.274915708890216,-10.431832304606639,26.374873074642256,26.78910039981355,13.78957665877038,14.189198146661802,13.78991135874836,14.080815855631725
0.6416416416416416,-36.46735283322785,-35.95391670560273,20.108029541363543,20.811876586603802,-36.54577792287443,-35.890942254131204,7.486316302539635,7.937112785926254,1.2513378726567197,1.7467540451469372,26.301672357556676,20.809591261653754,-23.923581171632275,-23.48583916853523,-11.276223776678073,-10.43214480165732,26.374481926410883,26.789878339849025,13.789753833025737,14.189839048218234,13.789953210916911,14.081709110918132
0.6426426426426426,-36.46793426859868,-35.95308084956334,20.107657354512767,20.811667489574088,-36.545062004020544,-35.88947621974317,7.486654296349656,7.938016396137678,1.2509253604733137,1.7501914400469643,26.303212652158035,20.80713830570527,-23.923353065113982,-23.485434097624424,-11.277514512384933,-10.432430313859674,26.37410077601198,26.790650130126053,13.789928003844397,14.190475286716785,13.789994746825464,14.082589544014846
0.6436436436436437,-36.468503970331376,-35.952242496690594,20.107293662558963,20.811473160328518,-36.54435231930477,-35.88800250461966,7.486988550190283,7.938912731187134,1.2505203591099288,1.753615156027145,26.304714797477924,20.804744258659397,-23.923128186103636,-23.48502728022742,-11.278788049977749,-10.432688988453476,26.37372937674269,26.791415879981813,13.790099181469516,14.191106851788241,13.790035938225689,14.083457263643387
0.6446446446446447,-36.469062152314926,-35.951401636116366,20.106938283667013,20.811293543813274,-36.5436489451558,-35.88652132132046,7.487319030428218,7.9398018426323675,1.250122763789835,1.757025386982839,26.30617978770846,20.802408370911053,-23.922906527777183,-23.4846188442545,-11.280044524969004,-10.432920973046981,26.373367486863685,26.792175697559262,13.790267378628974,14.191733735274783,13.790076759188205,14.084312379159924
0.6456456456456456,-36.469609025456656,-35.950558257752675,20.10659103896549,20.811128584966415,-36.54295195174615,-35.88503287798752,7.487645707771355,7.940683783770771,1.249732470097044,1.7604223256194684,26.307608589703932,20.800129894199124,-23.922688080850047,-23.484208913312393,-11.281284074322842,-10.43312641558159,26.373014869561015,26.79292968979022,13.79043261036319,14.192355931166142,13.79011718597114,14.085155000490461
0.6466466466466466,-36.470144797671935,-35.94971235228367,20.10625175254283,20.81097822870356,-36.54226140321732,-35.883537378362874,7.487968557062251,7.9415586095618185,1.2493493740258297,1.7638061634345956,26.30900214375478,20.797908081992357,-23.922472833736663,-23.4837976067961,-11.282506836363297,-10.43330546429662,26.37267129290463,26.793677962379963,13.79059489386112,14.192973435536024,13.790157196895242,14.085985238067389
0.6476476476476476,-36.47066967387731,-35.94886391115682,20.10592025144074,20.81084241990466,-36.54157735789874,-35.88203502180971,7.488287557079322,7.942426376550383,1.2489733720274856,1.7671770907013942,26.31036136434005,20.79574218985877,-23.922260772702632,-23.48338503998061,-11.283712950684588,-10.433458267694203,26.372336529803807,26.79442061979324,13.790754248304095,14.193586246478842,13.79019677222523,14.086803202767406
0.6486486486486487,-36.47118385598686,-35.948012926573504,20.105596365645077,20.810721103401786,-36.54089986852048,-35.88052600333643,7.488602690345542,7.943287142791003,1.2486043610544324,1.770535296453484,26.3116871408589,20.79363147581889,-23.92205188200975,-23.48297132411251,-11.284902558063497,-10.43358497450434,26.372010357959713,26.79515776524172,13.790910694717246,14.194194364046869,13.790235894057137,14.087609005850874
0.6496496496496497,-36.47168754291158,-35.94715939147885,20.10527992807428,20.810614223967974,-36.54022898241991,-35.879010513623406,7.488913942944394,7.9441409677731585,1.2482422386017735,1.773880968471094,26.3129803383416,20.7915752006831,-23.921846144054193,-23.482556566501252,-11.2860758003738,-10.433685733650101,26.371692559815383,26.79588950067281,13.79106425582818,14.194797790187838,13.790274546211345,14.088402758902603
0.6506506506506506,-36.47218093056164,-35.946303299551005,20.104970774565576,20.81052172630704,-36.539564741742446,-35.877488739052446,7.489221304342861,7.9449879123476235,1.247886902746401,1.7772142932685224,26.314241798140586,20.78957262837339,-23.921643539498135,-23.482140870610113,-11.287232820502725,-10.43376069421302,26.37138292250327,26.796615926759806,13.791214955932675,14.195396528683094,13.790312714131057,14.089184573774112
0.6516516516516516,-36.47266421185128,-35.94544464518978,20.104668743859083,20.8104435550444,-36.53890718363654,-35.87596086173863,7.4895247672212175,7.945828038653932,1.2475382521837448,1.780535456082856,26.315472338602035,20.787623026229866,-23.921444047395052,-23.481724336146595,-11.288373762269453,-10.43381000539868,26.371081237790644,26.797337142893337,13.7913628207671,14.19599058508631,13.790350384785969,14.089954562527367
0.6526526526526526,-36.47313757670629,-35.944583423504746,20.10437367757995,20.81037965471883,-36.53825634044303,-35.87442705956454,7.489824327309418,7.946661410049028,1.2471961862622667,1.7838446408639201,26.31667275571853,20.7857256653023,-23.921247645308902,-23.481307059152304,-11.289498770345611,-10.433833816502506,26.370787302023,26.798053247174078,13.791507877387248,14.196579966662865,13.79038754658089,14.090712837380018
0.6536536536536537,-36.47360121207383,-35.94371963030277,20.104085420218677,20.810329969775186,-36.53761223987901,-35.87288750621656,7.490119983229857,7.947488091037123,1.2468606050157802,1.787142030265423,26.317843823763145,20.78387982062707,-23.92105430942754,-23.480889132092155,-11.290607990177795,-10.433832276875805,26.370500916065684,26.798764336406684,13.791650154053414,14.197164682329905,13.790424189269082,14.091459510652143
0.6546546546546547,-36.47405530193446,-35.942853262075104,20.103803819109743,20.810294444558036,-36.53697490521633,-35.87134237122326,7.490411736346296,7.948308147200814,1.2465314091936912,1.7904278056372598,26.31898629590563,20.782084771489846,-23.920864014670485,-23.480470643942837,-11.29170156791202,-10.433805535892029,26.3702218852439,26.799470506094895,13.7917896801214,14.197744742597145,13.790460303870098,14.092194694714516
0.6556556556556556,-36.4745000273163,-35.94198431598394,20.103528724408687,20.810273023306163,-36.536344355454865,-35.869791819995626,7.49069959061876,7.9491216451335,1.246208500289241,1.7937021470189434,26.320100904811003,20.780339801674344,-23.920676734791343,-23.480051680280475,-11.292779650320153,-10.433753742913312,26.369950019281315,26.8001718504378,13.79192648593921,14.198320159508452,13.790495882591909,14.092918501938378
0.6566566566566566,-36.47493556631106,-35.941112789848574,20.103259989067688,20.81026565014797,-36.53572060549068,-35.86823601386903,7.4909835524641935,7.949928652373115,1.245891780565834,1.7969652331341293,26.321188363221108,20.778644199697535,-23.920492442475044,-23.479632323367397,-11.293842384728295,-10.433677047257275,26.36968513223736,26.80086846232719,13.792060602749247,14.198890946584251,13.79053091875711,14.093631044646752
0.6576576576576576,-36.47536209409191,-35.94023868213116,20.10299746880988,20.8102722690977,-36.535103666279234,-35.8666751101468,7.491263630622686,7.950729237337222,1.2455811530815342,1.8002172413862005,26.322249364519564,20.776997259031617,-23.920311109430177,-23.479212652237972,-11.294889918947062,-10.43357559816412,26.369427042443444,26.801560433345994,13.792192062595715,14.19945711876479,13.790565406733016,14.094332435067258
0.6586586586586587,-36.475779782933074,-35.93936199192205,20.1027410221024,20.8102928240525,-36.53449354499372,-35.865109262145296,7.491539836029085,7.951523469259477,1.2452765217117965,1.803458347854878,26.32328458328055,20.775398278313155,-23.920132706476544,-23.478792742783448,-11.295922401203748,-10.433449544764033,26.369175572438184,26.802247853767714,13.792320898237069,14.200018692354284,13.790599341865464,14.09502278528646
0.6596596596596597,-36.476188802230915,-35.93848271892484,20.102490510128305,20.81032725879027,-36.5338902451787,-35.863538619240316,7.491812181689809,7.952311418127508,1.2449777911705195,1.8066887272938257,26.324294675801855,20.773846561539703,-23.919957203628208,-23.478372667835714,-11.296939980076395,-10.433299036044884,26.36893054890182,26.802930812556877,13.792447143063251,14.200575684965987,13.790632720416124,14.095702207205713
0.6606606606606606,-36.47658931852653,-35.937600863441055,20.102245796757476,20.810375516968275,-36.533293766899114,-35.861963326914776,7.492080682564671,7.9530931546221915,1.2446848670294857,1.8099085531292156,26.325280280622668,20.77234141825431,-23.919784570172176,-23.47795249724999,-11.297942804429685,-10.433124220820279,26.36869180258992,26.80360939737042,13.792570831017567,14.201128115468206,13.790665539503175,14.09637081249852
0.6616616616616616,-36.47698149552966,-35.93671642635456,20.10200674851662,20.81043754212252,-36.53270410688478,-35.8603835268075,7.49234535545356,7.953868750058382,1.244397655736254,1.8131179974592229,26.326242019026452,20.77088216371824,-23.91961477474292,-23.47753229798634,-11.298931023352669,-10.432925247697929,26.36845916826653,26.80428369455999,13.792691996522906,14.20167600393128,13.79069779704517,14.097028712569378
0.6626626626626626,-36.47736549414384,-35.9358294091157,20.101773234558344,20.810513277667845,-36.53212125867058,-35.85879935676308,7.492606218887794,7.954638276327067,1.2441160646305804,1.8163172310544158,26.32718049552939,20.769468119072275,-23.919447785392897,-23.47711213419002,-11.299904786098294,-10.432702265048384,26.36823248463683,26.80495378917513,13.792810674412234,14.202219371575543,13.790729491707902,14.097676018514095
0.6636636636636637,-36.47774147249271,-35.93493981372524,20.101545126629563,20.8106026668987,-36.531545212732325,-35.85721095088255,7.492863293025986,7.955401805838991,1.2438400019594256,1.8195064233590128,26.328096298354755,20.768098611486963,-23.919283569659296,-23.47669206727059,-11.30086424202472,-10.43245542097413,26.368011594279512,26.805619764967275,13.79292689986307,14.202758240720305,13.790760622854204,14.098312841081581
0.6646646646646647,-36.478109585947315,-35.93404764271803,20.10132229903915,20.81070565299061,-36.53097595661849,-35.85561843957504,7.493116599554266,7.956159411469728,1.243569376890611,1.8226857424929714,26.3289899998936,20.76677297430215,-23.91912209462708,-23.476272155979792,-11.301809540538375,-10.43218486327904,26.36779634357882,26.80628170439458,13.793040708335834,14.203292634733838,13.790791190496444,14.098939290637087
0.6656656656656657,-36.47846998715443,-35.933152899146556,20.10110462862504,20.81082217900228,-36.53041347507791,-35.85402194960999,7.493366161590702,7.956911166506218,1.2433040995251892,1.8258553552548824,26.32986215715218,20.765490547156165,-23.91896332698858,-23.475852456488113,-11.302740831038747,-10.431890739438238,26.367586582656532,26.80693968862749,13.793152135515856,14.203822577984402,13.790821195251636,14.099555477126863
0.6666666666666666,-36.47882282606571,-35.932255586564295,20.100891994720733,20.81095218787832,-36.5298577501835,-35.852421604170125,7.493612003593765,7.957657144594776,1.243044080908576,1.829015427125636,26.330713312186457,20.764250676105,-23.918807233099734,-23.475433022460077,-11.30365826286487,-10.431573196568323,26.36738216530383,26.807593797555068,13.793261217258902,14.204348095792314,13.790850638299036,14.100161510044236
0.6676676676676676,-36.47916824996764,-35.931355709008926,20.100684279121396,20.811095622452584,-36.529308761452235,-35.85081752290492,7.493854151274709,7.958397419690552,1.2427892330405153,1.832166122272832,26.331543992524026,20.763052713731817,-23.918653779033143,-23.475013905128193,-11.304561985243495,-10.431232381398017,26.36718294891323,26.808244109791968,13.793367989540046,14.204869214383061,13.79087952134006,14.100757498397082
0.6686686686686687,-36.47950640351216,-35.93045327098546,20.10048136604952,20.811252425452043,-36.52876648596124,-35.84920982198453,7.494092631513698,7.95913206600846,1.242539468883913,1.8353076035559046,26.332354711573917,20.761896019247146,-23.91850293062808,-23.474595153365556,-11.305452147238915,-10.430868440239209,26.3669887944106,26.80889070268612,13.793472488405744,14.20538596084148,13.79090784656047,14.101343550676651
0.6696696696696697,-36.47983742874799,-35.92954827744927,20.100283142120254,20.811422539501258,-36.528230898460414,-35.84759861415413,7.494327472279572,7.959861157975556,1.242294702372608,1.8384400325319328,26.333145969024464,20.760779958580084,-23.91835465353758,-23.474176813757097,-11.3063288977044,-10.430481518958421,26.366799566187385,26.809533652327023,13.793574749928936,14.205898363066991,13.79093561659463,14.101919774827756
0.6706706706706707,-36.4801614651525,-35.92864073378905,20.100089496306435,20.811605907127348,-36.52770197148137,-35.84598400878855,7.494558702553093,7.960584770184866,1.242054848418116,1.841563569462109,26.333918251229736,20.759703904460842,-23.918208913272785,-23.47375893066947,-11.307192385235227,-10.430071762948696,26.366615132033075,26.810173033554612,13.793674810167078,14.206406449729894,13.790962834491816,14.102486278220274
0.6716716716716716,-36.480478649664015,-35.92773064580973,20.099900319903405,20.811802470765457,-36.52717967544303,-35.84436611194714,7.494786352253564,7.961302977350648,1.2418198229154056,1.8446783733188383,26.33467203158475,20.758667236494972,-23.918065675244605,-23.473341546319528,-11.30804275812331,-10.42963931710191,26.366435363067993,26.810808919968725,13.793772705122915,14.206910250228729,13.7909895036844,14.103043167621948
0.6726726726726726,-36.480789116714675,-35.92681801971538,20.09971550649365,20.812012172764724,-36.52666397875381,-35.84274502642883,7.4950104521686844,7.962015854265091,1.241589542747747,1.8477846017934407,26.33540777088983,20.757669341229548,-23.91792490480286,-23.472924700841467,-11.308880164313331,-10.429184325781538,26.366260133676455,26.811441383939066,13.793868470707917,14.2074097946487,13.791015627957863,14.103590549172454
0.6736736736736737,-36.48109299826355,-35.92590286209207,20.099534951911277,20.81223495539469,-36.526154847910554,-35.84112085182728,7.495231033887524,7.962723475756416,1.241363925790677,1.8508824113044327,26.33612591770444,20.756709612211676,-23.917786567273023,-23.472508432352523,-11.309704751360414,-10.428706932795833,26.3660893214404,26.81207049661569,13.793962142708189,14.207905113721159,13.79104121142251,14.10412852835873
0.6746746746746747,-36.4813904238302,-35.924985179890825,20.099358554206447,20.812470760852133,-36.525652247594294,-35.83949368458605,7.495448129736499,7.963425916648392,1.2411428909151274,1.8539719570063589,26.33682690869075,20.7557874500396,-23.91765062799066,-23.472092777017316,-11.31051666638928,-10.428207281371487,26.36592280707347,26.812696327939943,13.794053756752794,14.208396238784134,13.791066258486822,14.104657209991512
0.6756756756756757,-36.481681520528355,-35.92406498041049,20.099186213609737,20.81271953126834,-36.52515614076294,-35.83786361805383,7.495661772718232,7.964123251721229,1.2409263579897547,1.8570533927991524,26.337511168947263,20.7549022624067,-23.91751705233368,-23.471677769110787,-11.31131605605487,-10.427685514127706,26.365760474355653,26.813318946655855,13.79414334828434,14.208883201743921,13.791090773832344,14.105176698183064
0.6766766766766766,-36.481966413099975,-35.92314227128077,20.09901783249648,20.81298120871674,-36.524666488740905,-35.836230742539506,7.495871996453207,7.96481555567385,1.2407142478825113,1.8601268713379973,26.338179112332785,20.75405346413871,-23.91738580575248,-23.47126344107976,-11.312103066504385,-10.427141773050772,26.365602210068474,26.813938420321932,13.794230952531716,14.20936603503771,13.79111476239004,14.10568709632608
0.6776776776776777,-36.48224522394935,-35.92221706044524,20.098853315351217,20.813255735220924,-36.52418325130588,-35.834595145367174,7.496078835124083,7.965502903087511,1.2405064824614973,1.8631925440436703,26.33883114178102,20.75324047722441,-23.91725685379814,-23.470849823603096,-11.312877843340742,-10.42657619946904,26.365447903930864,26.814554815323355,13.794316604484871,14.209844771597245,13.791138229318031,14.106188507073716
0.6786786786786787,-36.4825180731774,-35.92128935614451,20.098692568732098,20.81354305276301,-36.523706386772695,-35.83295691093097,7.496282323422586,7.96618536839076,1.2403029845951292,1.8662505611133384,26.339467649606043,20.752462730840072,-23.91713016214871,-23.4704369456505,-11.313640531587426,-10.425988934028409,26.36529744853564,26.815168196884503,13.79440033887157,14.21031944481351,13.791161179980636,14.106681032320745
0.6796796796796797,-36.48278507861604,-35.92035916689943,20.098535501235485,20.81384310329232,-36.52323585207446,-35.83131612074965,7.49648249649888,7.96686302582571,1.2401036781516588,1.869301071531791,26.34008901779894,20.751719661367975,-23.917005696633687,-23.47002483453994,-11.314391275654664,-10.425380116668254,26.36515073928671,26.815778629081837,13.794482190135955,14.210790088502437,13.791183619928685,14.107164773185774
0.6806806806806807,-36.483046355862555,-35.91942650149442,20.09838202346065,20.814155828734396,-36.52277160284096,-35.82967285352096,7.496679389913307,7.96753594941561,1.2399084879980788,1.8723442230830836,26.340695618315873,20.751010712409197,-23.9168834232568,-23.4696135159937,-11.315130219306944,-10.424749886597825,26.36500767433697,26.81638617485708,13.794562192418883,14.211256736871606,13.791205554880973,14.107639829994534
0.6816816816816816,-36.483302018314056,-35.91849136896095,20.098232047974623,20.814481171000253,-36.52231359347452,-35.82802718517568,7.49687303959042,7.968204212933696,1.239717339998447,1.8753801623625717,26.341287813357777,20.75033533479098,-23.91676330821715,-23.469203014193095,-11.315857505631822,-10.424098382273103,26.36486815452698,26.81699089603067,13.794640379539922,14.211719424487947,13.791226990706852,14.108106302264181
0.6826826826826827,-36.48355217720183,-35.91755377856113,20.098085489277253,20.81481907199596,-36.521861777223215,-35.826379188931305,7.497063481775207,7.968867889873286,1.2395301610116578,1.8784090347893165,26.341865955642007,20.749692986568913,-23.916645317928833,-23.46879335183184,-11.31657327701001,-10.423425741374139,26.36473208332444,26.817592853315492,13.794716784980912,14.212178186246422,13.791247933409888,14.108564288688607
0.6836836836836837,-36.483796941625656,-35.916613739771456,20.09794226376644,20.815169473632423,-36.521416106251685,-35.82472893534542,7.497250752991437,7.969527053419117,1.2393468788886943,1.8814309846188408,26.342430388666106,20.749083133024183,-23.916529419039065,-23.46838455016811,-11.317277675086697,-10.422732100782854,26.36459936676441,26.818192106330823,13.79479144187102,14.212633057339666,13.79126838911248,14.109013887124705
0.6846846846846847,-36.48403641858806,-35.915671262266734,20.097802289703676,20.815532317835423,-36.520976531709515,-35.823076492368585,7.497434890002023,7.97018177641989,1.239167422469388,1.8844461549562153,26.34298144696394,20.748505246656105,-23.91641557844493,-23.46797662907525,-11.317970840744096,-10.422017596561302,26.364469913390383,26.818788713616502,13.794864382973204,14.213084073228588,13.791288364041476,14.10945519457959
0.6856856856856857,-36.48427071302841,-35.914726355904136,20.097665487179757,20.815907546555863,-36.52054300379726,-35.82142192539687,7.497615929771338,7.970832131361998,1.2389917215787123,1.8874546877694591,26.343519456354446,20.747958807170207,-23.916303763308804,-23.467569607091235,-11.318652914075182,-10.421282363930416,26.36434363419625,26.819382732647295,13.794935640672012,14.21353126961391,13.791307864514623,14.109888307198721
0.6866866866866866,-36.48449992785685,-35.913779030707474,20.097531778080832,20.816295101780213,-36.520115471830216,-35.819765297323826,7.4977939094294,7.971478190344421,1.2388197070226408,1.8904567239032346,26.3440447341832,20.747443301462052,-23.91619394107252,-23.46716350146682,-11.319324034358576,-10.42052653724921,26.364220442569007,26.819974219847413,13.795005246962637,14.213974682408626,13.791326896927934,14.11031332025491
0.6876876876876877,-36.48472416398814,-35.91282929685165,20.097401086054724,20.816694925541135,-36.519693884299976,-35.81810666859206,7.497968866237859,7.972120025054761,1.2386513105835888,1.89345240309282,26.34455758955698,20.74695822359705,-23.916086079470336,-23.466758328212435,-11.319984340034605,-10.419750249994445,26.364100254232454,26.820563230605213,13.795073233441157,14.214414347711374,13.791345467743785,14.110730328138198
0.6886886886886887,-36.48494352037519,-35.91187716464731,20.09727333647757,20.817106959928278,-36.51927818893383,-35.816446097244196,7.498140837557702,7.97275770674639,1.23848646501547,1.8964418639783418,26.345058323571592,20.74650307478644,-23.915980146540814,-23.466354102143832,-11.320633968682426,-10.418953634740776,26.363982987191704,26.821149819287996,13.79513963129591,14.2148503017807,13.791363583479813,14.111139424346543
0.6896896896896897,-36.48515809404246,-35.91092264452569,20.097148456420783,20.817531147099206,-36.518868332752085,-35.81478363897338,7.498309860818612,7.9733913062166915,1.2383251040383847,1.8994252441192545,26.345547229533096,20.746077363359646,-23.915876110637573,-23.465950836926506,-11.32127305699829,-10.418136823141344,26.363868561678576,26.82173403925694,13.795204471299929,14.215282581010193,13.791381250698528,14.111540701477335
0.6906906906906907,-36.485367980119086,-35.90996574702372,20.097026374618352,20.81796742929048,-36.51846426212333,-35.81311934717316,7.498475973489922,7.974020893786372,1.2381671623329675,1.9024026800090466,26.346024593172675,20.74568060473327,-23.91577394043908,-23.46554854511891,-11.321901740774818,-10.417299945908843,26.363756900097957,26.822315942882128,13.795267783804352,14.215711221904487,13.791398475997577,14.11193425121966
0.6916916916916916,-36.485573271871736,-35.90900648276928,20.09690702143451,20.818415748828848,-36.51806592281775,-35.81145327298684,7.498639213053084,7.974646539279809,1.2380125755344118,1.9053743070901625,26.3464906928553,20.745312321376797,-23.915673604957465,-23.465147238214463,-11.322520154881342,-10.41644313279703,26.363647926975016,26.822895581557653,13.795329598732794,14.216136261056107,13.791415266000667,14.11232016434734
0.6926926926926927,-36.48577406073724,-35.908044862466745,20.096790328831773,20.818876048142545,-36.51767326005856,-35.80978546535615,7.498799616975609,7.975268312006421,1.2378612802261932,1.9083402597691246,26.346945799782382,20.7449720427753,-23.915575073546417,-23.464746926682416,-11.323128433245255,-10.415566512582705,26.363541568903337,26.823473005716775,13.795389945576598,14.216557735123134,13.791431627349084,14.112698530712677
0.6936936936936937,-36.48597043635488,-35.90708089688274,20.096676230339305,20.819348269772682,-36.51728621857149,-35.80811597106941,7.498957222686394,7.9758862807430315,1.2377132139335123,1.9113006714318408,26.3473901781886,20.74465930538927,-23.91547831590828,-23.464347620007544,-11.323726708834338,-10.414670213048138,26.363437754493983,26.824048264847146,13.795448853390916,14.21697568080769,13.79144756669378,14.113069439240908
0.6946946946946947,-36.48616248659837,-35.90611459683214,20.09656466102174,20.819832356384723,-36.51690474263254,-35.806444834808985,7.499112067552405,7.976500513717199,1.2375683151164736,1.914255674459085,26.347824085533063,20.74437365261176,-23.91538330210027,-23.463949326728713,-11.324315113640052,-10.413754360963939,26.36333641432548,26.824621407506058,13.795506350791555,14.217390134835211,13.79146309068801,14.113432977925328
0.6956956956956957,-36.486350297607586,-35.905145973164295,20.096455557448373,20.82032825078001,-36.51652877611392,-35.804772099198104,7.499264188856643,7.977111078591493,1.2374265231630202,1.917205400242139,26.348247772684967,20.744114634723,-23.915290002539976,-23.46355205447634,-11.324893778661774,-10.412819082072373,26.36323748089471,26.825192481335698,13.795562465952594,14.217801133934493,13.791478205980455,14.113789233823061
0.6966966966966966,-36.4865339538199,-35.904175036749535,20.096348857662708,20.82083589590736,-36.51615826252835,-35.80309780484706,7.499413623777345,7.97771804244869,1.2372877783816405,1.9201499791985803,26.34866148410394,20.74388180884265,-23.915198388010143,-23.463155810008782,-11.32546283389194,-10.411864501071127,26.36314088856872,26.82576153307843,13.795617226604632,14.218208714818504,13.791492919208851,14.114138293051461
0.6976976976976977,-36.486713538001176,-35.9032017984659,20.096244501152487,20.821355234874712,-36.51579314507163,-35.801421990398744,7.499560409368361,7.978321471777863,1.2371520219938634,1.923089540788209,26.34906545801518,20.743674738879843,-23.915108429662755,-23.462760599247613,-11.326022408302071,-10.410890741597497,26.36304657353747,26.826328608592064,13.79567066003373,14.218612914165929,13.791507236994049,14.114480240785108
0.6986986986986987,-36.486889131276435,-35.90222626918614,20.09614242882008,20.821886210960773,-36.515433366663665,-35.79974469257344,7.499704582540673,7.978921432461344,1.237019196126559,1.9260242135290988,26.3494599265796,20.743492995481148,-23.915020099022502,-23.462366427311903,-11.326572629829704,-10.40989792621301,26.36295447376748,26.826893752865082,13.79572279308092,14.219013768603446,13.791521165934505,14.114815161253379
0.6996996996996997,-36.48706081316016,-35.90124845976495,20.09604258295332,20.82242876762672,-36.515078869987875,-35.79806594621305,7.49984618004499,7.97951798976253,1.2368892438040573,1.9289541250137632,26.349845116059058,20.74333615597665,-23.91493336798964,-23.461973298551438,-11.327113625366108,-10.40888617638848,26.362864528956383,26.827457010031868,13.795773652142293,14.21941131468871,13.791534712601196,14.115143137738585
0.7007007007007007,-36.48722866158624,-35.90026838102651,20.095944907196756,20.822982848527907,-36.51472959752914,-35.796385784324514,7.49998523845539,7.980111208314518,1.2367621089401004,1.9318794019254262,26.350221246976897,20.743203804324207,-23.914848208842276,-23.46158121657896,-11.327645520744868,-10.407855612489474,26.36277668048841,26.828018423387867,13.795823263169591,14.219805588894015,13.79154788353288,14.115464252574629
0.7017017017017017,-36.48739275293746,-35.89928604375222,20.095849346523327,20.823548397525542,-36.51438549161022,-35.79470423812263,7.500121794153947,7.980701152109531,1.236637736329644,1.934800170054389,26.350588534273857,20.74309553105207,-23.914764594238147,-23.461190184301408,-11.328168440731256,-10.406806353762196,26.362690871390765,26.828578035404714,13.795871651671314,14.220196627590644,13.791560685231737,14.115778587146178
0.7027027027027027,-36.48755316207475,-35.898301458668776,20.095755847206473,20.824125358698414,-36.51404649442681,-35.79302133707211,7.500255883316314,7.981287884489127,1.2365160716405186,1.937716554314483,26.35094718745952,20.743010933199994,-23.91468249721587,-23.4608002039502,-11.32868250901237,-10.405738518319781,26.362607046290893,26.829135887745274,13.795918842714247,14.220584467033865,13.791573124159331,14.116086221888322
0.7037037037037037,-36.487709962365905,-35.89731463643643,20.095664356792675,20.82471367635455,-36.51371254808112,-35.79133710892901,7.500387541898216,7.981871468135157,1.2363970614049615,1.9406286787595985,26.35129741075949,20.742949614258904,-23.91460189119577,-23.460411277110584,-11.329187848188042,-10.404652223128993,26.362525151374644,26.82969202127864,13.795964860925436,14.22096914334857,13.791585206732927,14.11638723628671
0.7047047047047047,-36.48786322571401,-35.89632558763756,20.09557482407443,20.825313295042875,-36.51338359461423,-35.78965157978132,7.500516805622812,7.982451965061452,1.2362806530110373,1.943536666600286,26.351639403258257,20.742911184109314,-23.914522749980215,-23.460023404750064,-11.329684579762468,-10.403547583997316,26.36244513434532,26.830246476095017,13.796009730494536,14.221350692515536,13.79159693932204,14.116681708878119
0.7057057057057057,-36.48801302258539,-35.895334322765535,20.09548719906365,20.82592415956485,-36.513059576037016,-35.78796477408905,7.50064370996889,7.983029436606219,1.2361667946939516,1.9464406402204157,26.351973359038123,20.742895258958548,-23.914445047753592,-23.459636587245928,-11.330172824136566,-10.40242471556044,26.3623669443836,26.83079929152055,13.796053475176524,14.221729150358287,13.791608328245337,14.11696971725146
0.7067067067067067,-36.48815942203725,-35.89434085221375,20.09540143296552,20.82654621498603,-36.51274043435989,-35.7862767147234,7.500768290159858,7.983603943425119,1.2360554355272737,1.949340721193894,26.35229946731404,20.742901461276883,-23.91436875908187,-23.459250824411903,-11.330652700601012,-10.401283731270123,26.36229053210833,26.83135050613203,13.796096118294754,14.222104552530558,13.791619379767754,14.117251338049195
0.7077077077077077,-36.4883024917448,-35.89334518626503,20.09531747815275,20.82717940664763,-36.51242611162127,-35.78458742300537,7.500890581153494,7.98417554548501,1.2359465254140745,1.9522370303014267,26.3526179125647,20.742929419732754,-23.914293858911822,-23.458866115523943,-11.331124327329965,-10.400124743382445,26.362215849538163,26.83190015777151,13.796137682744297,14.222476934504314,13.791630100097889,14.11752664696914
0.7087087087087087,-36.48844229802808,-35.892347335081205,20.095235288140326,20.82782368017799,-36.512116549914914,-35.7828969187436,7.501010617632426,7.9847443020583295,1.2358400150779936,1.9551296875473225,26.352928874659835,20.742978769127056,-23.914220322569925,-23.458482459345195,-11.331587821375416,-10.398947862946414,26.362142850054074,26.832448283560797,13.796178190995589,14.222846331558344,13.791640495385607,14.117795718766631
0.7097097097097097,-36.48857890587831,-35.891347308693035,20.0951548175606,20.828478981504006,-36.511811691416035,-35.781205220271524,7.501128433995302,7.985310271718097,1.2357358560542422,1.9580188121763327,26.353232528983938,20.743049150326687,-23.91414812576089,-23.458099854150145,-11.33204329866222,-10.39775319979295,26.362071488362673,26.832994919915844,13.796217665098313,14.223212778767387,13.791650571719911,14.118058627257065
0.7107107107107107,-36.48871237898389,-35.89034511699032,20.095076022138915,20.829145256862493,-36.51151147840631,-35.779512344483784,7.501244064348626,7.985873512333515,1.2356340006805506,1.9609045226905193,26.35352904655644,20.743140210197403,-23.91407724456599,-23.45771829774797,-11.332490873983687,-10.396540862524215,26.36200172046039,26.833540102561,13.796256126685536,14.223576310991783,13.791660335126949,14.118315445318755
0.7117117117117117,-36.488842779755885,-35.8893407697123,20.094998858669584,20.829822452811477,-36.511215853297855,-35.777818306872014,7.501357542499222,7.986434081066145,1.2355344020880703,1.963786936866148,26.353818594148507,20.743251601536063,-23.914007655441075,-23.457337787505107,-11.332930660997809,-10.3953109585033,26.361933503598447,26.83408386654314,13.796293596978046,14.223936962867644,13.791669791568273,14.118566244896117
0.7127127127127127,-36.48897016935323,-35.88833427643834,20.094923284992326,20.830510516241407,-36.51092475865606,-35.77612312155985,7.501468901947312,7.986992034366646,1.2354370141922382,1.9666661717706,26.35410133439649,20.743382983002363,-23.913939335214327,-23.456958320367075,-11.333362772224024,-10.394063593844244,26.36186679624864,26.83462624624567,13.796330096788887,14.224294768797504,13.791678946939273,14.118811097003158
0.7137137137137137,-36.48909460770746,-35.88732564657882,20.09484925996914,20.83120939438629,-36.51063813722149,-35.77442680133728,7.501578175880157,7.987547427972048,1.235341791683609,1.9695423437792983,26.354377425912183,20.743534019050124,-23.913872261083807,-23.456579892879557,-11.333787319040596,-10.392798873402397,26.361801558069946,26.835167275402373,13.796365646528084,14.224649762941475,13.791687807067753,14.11905007172725
0.7147147147147147,-36.489216153547005,-35.88631488936631,20.09477674346157,20.83191903483474,-36.51035593193074,-35.772729357694324,7.501685397166256,7.988100316903542,1.2352486900186663,1.9724155685926452,26.35464702338999,20.743704379858205,-23.913806410614804,-23.45620250120877,-11.334204411682473,-10.391516900765101,26.36173774987586,26.835706987111134,13.796400266207494,14.225001979208843,13.791696377712704,14.119283238233175
0.7157157157157157,-36.48933486442117,-35.88530201384697,20.09470569630841,20.832639385540954,-36.51007808593635,-35.77103080085399,7.501790598350068,7.9886507554647705,1.2351576654106164,1.9752859612529656,26.354910277710985,20.74389374126113,-23.913741761736947,-23.455826141161136,-11.334614159239708,-10.390217778242697,26.361675333602584,26.83624541384749,13.796433975445831,14.22535145125013,13.7917046645632,14.119510664767434
0.7167167167167167,-36.48945079672359,-35.88428702887222,20.094636080303815,20.833370394835566,-36.50980454262581,-35.769331139804564,7.5018938116472285,7.989198797240601,1.2350686748201718,1.978153636161454,26.35516733604412,20.74410178467947,-23.913678292741185,-23.455450808202254,-11.335016669656374,-10.38890160685983,26.36161427227788,26.836782587478062,13.796466793473808,14.225698212449597,13.791712673237456,14.119732418662789
0.7177177177177178,-36.489564005715394,-35.883269943090674,20.09456785817586,20.834112011436424,-36.50953524563962,-35.767630382331205,7.501995068940248,7.989744495096356,1.2349816759463317,1.9810187070951217,26.35541834194451,20.744328197050066,-23.913615982276568,-23.455076497475247,-11.335412049729964,-10.387568486347076,26.36155452999075,26.837318539273813,13.79649873913936,14.226042295918159,13.791720409282004,14.11994856634304
0.7187187187187187,-36.489674545547906,-35.88225076494024,20.094500993565443,20.834864184459285,-36.509270138888525,-35.76592853504692,7.502094401774659,7.990287901177492,1.2348966272171658,1.9838812872237404,26.355663435449017,20.74457267075615,-23.9135548093469,-23.454703203818436,-11.335800405111268,-10.386218515132843,26.361496071861826,26.83785329992315,13.796529830913013,14.226383734486722,13.791727878171004,14.12015917332802
0.7197197197197197,-36.48978246928495,-35.88122950264054,20.094435451005648,20.83562686342837,-36.509009166569896,-35.7642256034228,7.502191841355591,7.990829066909701,1.2348134877806043,1.986741489126781,26.355902753169055,20.744834903557397,-23.91349475330724,-23.454330921782404,-11.336181840304707,-10.384851790335572,26.361438864014467,26.838386899544876,13.796560086893288,14.226722560699912,13.791735085305662,14.120364304238782
0.7207207207207207,-36.48988782892476,-35.88020616418551,20.09437119590148,20.836399998286854,-36.50875227318327,-35.76252159181767,7.502287418544769,7.9913680429994205,1.234732217495242,1.989599424810345,26.356136428380893,20.74511459852,-23.913435793860305,-23.45395964564643,-11.336556458669104,-10.383468407756215,26.361382873546596,26.83891936770097,13.796589524812214,14.227058806810186,13.791742036013767,14.120564022802988
0.7217217217217217,-36.48999067542155,-35.879180757336265,20.094308194510027,20.83718353940722,-36.50849940354512,-35.76081650350704,7.502381163857887,7.991904879434744,1.234652776921161,1.9924552057240854,26.35636459111332,20.7454114639468,-23.913377911052724,-23.453589369434372,-11.33692436241888,-10.382068461870979,26.361328068503216,26.839450733409212,13.796618162040868,14.227392504772327,13.79174873554932,14.120758391860466
0.7227227227227228,-36.49009105870662,-35.878153289614154,20.094246413920963,20.83797743760153,-36.50825050280286,-35.7591103407114,7.5024731074623565,7.9924396254866945,1.2345751273107757,1.9953089427781168,26.35658736823293,20.74572521330752,-23.913321085271225,-23.453220086929928,-11.337285652625669,-10.380652045824334,26.36127441784963,26.839981025155637,13.79664601559498,14.227723686238278,13.791755189092262,14.12094747336894
0.7237237237237237,-36.490189027709086,-35.877123768294084,20.0941858220375,20.83878164413158,-36.50800551644813,-35.75740310462395,7.502563279175416,7.99297232971087,1.2344992305997038,1.9981607463599127,26.35680488352695,20.74605556516913,-23.91326529723872,-23.452851791691376,-11.3376404292203,-10.37921925142228,26.36122189144531,26.840510270906826,13.796673102140575,14.228052382552342,13.791761401748298,14.121131328409906
0.7247247247247247,-36.49028463037632,-35.876092200398006,20.09412638755766,20.839596110718926,-36.50776439032929,-35.75569479543758,7.502651708462564,7.993503039949426,1.2344250493976732,2.00101072635119,26.35701725778383,20.74640224312645,-23.91321052801031,-23.452484477065745,-11.33798879099521,-10.377770169125846,26.36117046001847,26.84103849812203,13.796699437999653,14.228378624746707,13.791767378548789,14.121310017194663
0.7257257257257257,-36.490377913693855,-35.875058592688674,20.094068079955996,20.840420789554837,-36.50752707066334,-35.75398541237135,7.502738424436319,7.994031803333388,1.234352546979459,2.003858992144776,26.357224608871512,20.74676497573295,-23.913156758969222,-23.452118136202483,-11.33833083560716,-10.376304888044848,26.36112009514124,26.84156573376511,13.79672503915584,14.228702443537301,13.791773124450728,14.12148359907047
0.7267267267267267,-36.49046892370507,-35.87402295166356,20.094010869465603,20.841255633310105,-36.50729350404704,-35.752274953696265,7.502823455855271,7.994558666285283,1.2342816872758633,2.0067056526614637,26.357427051813517,20.747143496431853,-23.91310397182269,-23.451752762066587,-11.33866665958036,-10.374823495931855,26.361070769205508,26.84209200431634,13.796749921260115,14.229023869319953,13.7917786443368,14.121652132526817
0.7277277277277278,-36.490557705530414,-35.87298528354902,20.09395472706057,20.84210059514475,-36.50706363746749,-35.750563416760485,7.502906831123432,7.995083674522068,1.2342124348647368,2.0095508163668487,26.357624698862967,20.74753754348753,-23.913052148597757,-23.45138834745126,-11.338996358309892,-10.373326079176389,26.36102245539937,26.842617335784002,13.796774099636496,14.229342932166858,13.791783943015488,14.121815675201832
0.7287287287287287,-36.490644303386254,-35.87194559429463,20.09389962443876,20.842955628717622,-36.50683741831201,-35.74885079801391,7.502988578289844,7.995606873058337,1.2341447549620466,2.012394591288151,26.3578176595745,20.747946859917256,-23.9130012716371,-23.451024884990083,-11.339320026065485,-10.371812722799334,26.36097512768422,26.84314175371584,13.796797589287738,14.229659661823336,13.791789025221249,14.12197428388877
0.7297297297297297,-36.49072876060344,-35.87090388956772,20.09384553400494,20.843820688195883,-36.50661479437748,-35.74713709303218,7.503068725048455,7.996128306209816,1.2340786134129929,2.015237085031021,26.358006040874187,20.74837119342333,-23.91295132359473,-23.4506623671687,-11.339637755995584,-10.370283510447543,26.360928760772392,26.843665283210328,13.796820404901007,14.22997408770486,13.791793895614758,14.122128014542605
0.7307307307307307,-36.49081111964544,-35.869860174748126,20.0937924288543,20.84469572826438,-36.50639571387901,-35.74542229654009,7.503147298738231,7.996648017597101,1.2340139766831777,2.01807840479633,26.35818994712752,20.748810296325637,-23.912902287431724,-23.450300786336072,-11.339949640131731,-10.368738524388652,26.36088333010544,26.84418794892777,13.796842560853548,14.230286238894378,13.791798558783189,14.122276922286712
0.7317317317317317,-36.49089142212615,-35.868814454923104,20.09374028275626,20.845580704134903,-36.506180125458144,-35.74370640243444,7.503224326343499,7.99716605014965,1.2339508118498297,2.0209186573969466,26.35836948020552,20.7492639254946,-23.912854146411917,-23.44994013471528,-11.340255769393234,-10.367177845506074,26.360838811832956,26.844709775101236,13.796864071218328,14.230596144139858,13.79180301924056,14.122421061419615
0.7327327327327328,-36.490969708827365,-35.86776673488242,20.09368907013869,20.846475571555338,-36.50596797819045,-35.741989403806286,7.503299834494514,7.997682446110007,1.233889086593083,2.023757949274497,26.35854473954897,20.749731842284632,-23.912806884097577,-23.449580404413904,-11.340556233592087,-10.365601553294173,26.360795182791968,26.845230785547315,13.79688494976964,14.23090383185212,13.791807281428111,14.122560485421817
0.7337337337337337,-36.49104601971588,-35.866717019113665,20.0936387660724,20.847380286818705,-36.50575922159258,-35.74027129296266,7.503373849468216,7.998197247038246,1.233828769187321,2.026596386516113,26.358715822230955,20.750213812468076,-23.912760484345043,-23.44922158743399,-11.340851121438202,-10.36400972585361,26.36075242048689,26.84575100367672,13.796905209988688,14.23120933010288,13.79181134971474,14.122695246962683
0.7347347347347347,-36.49112039396029,-35.865665311797656,20.09358934625602,20.84829480677209,-36.50555380562888,-35.73855206144772,7.503446397189199,7.998710493816624,1.2337698284925782,2.0294340748711686,26.35888282301758,20.750709606169632,-23.912714931300428,-23.44886367568162,-11.341140520544837,-10.362402439886848,26.360710503069992,26.84627045250471,13.796924865069112,14.23151266662305,13.791815228397455,14.122825397907386
0.7357357357357357,-36.4911928699474,-35.864611616804105,20.093540787001142,20.84921908882545,-36.505351680717446,-35.73683170006336,7.503517503230851,7.999222226654432,1.2337122339460054,2.0322711197680046,26.359045834427075,20.75121899780134,-23.91267020939523,-23.44850666097608,-11.341424517434309,-10.360779770693819,26.360669409322437,26.84678915466134,13.79694392792249,14.231813868801236,13.791818921701887,14.122950989323883
0.7367367367367368,-36.491263485298376,-35.86355593768737,20.09349306521786,20.85015309096036,-36.505152797735754,-35.73511019888929,7.503587192816668,7.9997324850930305,1.2336559555534048,2.0351076263306442,26.359204946787244,20.751741765998123,-23.912626303342016,-23.448150535058673,-11.341703197543907,-10.359141792167726,26.360629118635785,26.84730713240156,13.796962411183785,14.232112963682468,13.79182243378282,14.12307207148995
0.7377377377377378,-36.49133227688453,-35.862498277682434,20.093446158400532,20.851096771738604,-36.50495710802579,-35.733387547302556,7.503655490821733,8.000241308011066,1.2336009638808298,2.0379436993955014,26.35936024829136,20.752277693553864,-23.912583198130083,-23.447795289601146,-11.341976645232064,-10.357488576790994,26.36058961099403,26.847824407615143,13.796980327216732,14.232409977967125,13.79182576872476,14.123188693900248
0.7387387387387387,-36.49139928084277,-35.861438639700935,20.093400044613944,20.852050090310676,-36.50476456339878,-35.731663733996605,7.503722421774342,8.000748733629843,1.2335472300462549,2.040779443528083,26.359511825052483,20.75282656735812,-23.912540879021137,-23.447440916213782,-11.342244943784674,-10.355820195631335,26.36055086695613,26.848341001836435,13.796997688119196,14.232704938010064,13.791828930542524,14.1233009052734
0.7397397397397397,-36.4914645325908,-35.86037702632747,20.093354702479715,20.853013006424202,-36.50457511613946,-35.729938746999785,7.503788009857782,8.001254799518856,1.2334947257113165,2.043614963039687,26.35965976115633,20.75338817833341,-23.912499331544993,-23.44708740645314,-11.342508175421674,-10.354136718337955,26.360512867639013,26.848856936253974,13.797014505728445,14.232997869819936,13.791831923181851,14.123408753559108
0.7407407407407407,-36.49152806684194,-35.85931343981595,20.093310111163017,20.85398548043224,-36.504388719009974,-35.72821257369334,7.503852278912233,8.00175954260147,1.2334434230731264,2.0464503620041015,26.359804138712654,20.75396232137313,-23.912458541495297,-23.446734751829467,-11.34276642130378,-10.352438213137852,26.36047559470104,26.849372231719922,13.797030791626366,14.233288799058675,13.791834750520064,14.123512285945282
0.7417417417417418,-36.49158991761968,-35.858247882086125,20.093266250359605,20.85496747330149,-36.50420532525333,-35.72648520082896,7.503915252436801,8.002262999160726,1.233393294856158,2.0492857442743015,26.35994503790529,20.754548795280108,-23.912418494925245,-23.44638294381379,-11.3430197615394,-10.35072474683223,26.36043903032595,26.84988690875934,13.797046557144656,14.233577751041171,13.791837416366707,14.123611548865169
0.7427427427427428,-36.491650118271934,-35.85718035472025,20.093223100283115,20.85595894662041,-36.504024888596525,-35.72475661454578,7.50397695359167,8.002765204845284,1.2333443143042089,2.0521212134991518,26.360082537040725,20.755147402705777,-23.91237917814338,-23.446031973844708,-11.343268275191742,-10.348996384793013,26.36040315720724,26.850400987579324,13.7970618133699,14.233864750735108,13.791839924464242,14.123706588004502
0.7437437437437437,-36.49170870148502,-35.85611085895984,20.09318064165265,20.85695986260724,-36.50384736325327,-35.723026800386975,7.504037405200359,8.003266194675476,1.2332964551724357,2.054956873140114,26.36021671259545,20.755757950090043,-23.912340577709355,-23.445681833334856,-11.34351204028606,-10.347253190959437,26.36036795853299,26.85091448807796,13.797076571148596,14.234149822760955,13.79184227848874,14.123797448308638
0.7447447447447447,-36.491765699297275,-35.85503939570261,20.093138855680657,20.85797018411793,-36.50367270392638,-35.72129574331581,7.504096629752088,8.003766003049464,1.2332496917194715,2.0577928264879666,26.360347639261953,20.756380247601783,-23.91230268042978,-23.445332513677116,-11.343751133817063,-10.345495227834725,26.360333417971106,26.851427429853157,13.797090841092146,14.234432991392111,13.7918444820506,14.123884173989692
0.7457457457457457,-36.491821143112496,-35.85396596549948,20.09309772406104,20.858989874654,-36.50350086580981,-35.71956342773126,7.504154649404232,8.004264663749503,1.233203998699615,2.0606291766795315,26.360475389993503,20.757014109080036,-23.91226547335407,-23.44498400625052,-11.343985631756466,-10.343722556482842,26.360299519654976,26.85193983221129,13.797104633581732,14.234714280555208,13.791846538695264,14.123966808533668
0.7467467467467468,-36.491875063713,-35.8528905685517,20.0930572289576,20.86001889837028,-36.50333180459041,-35.71782983748322,7.504211485984872,8.004762209948296,1.2331593513551014,2.063466026714421,26.360600036047693,20.75765935197586,-23.912228943770348,-23.444636302425902,-11.344215609060669,-10.3419352365253,26.360266248169577,26.852451714175732,13.797117958773145,14.234993713830528,13.791848451903965,14.124045394707572
0.7477477477477478,-36.4919274912725,-35.85181320470813,20.09301735299267,20.86105722008262,-36.50316547644928,-35.71609495588719,7.50426716099542,8.005258674215437,1.2331157254084513,2.0663034794718023,26.360721647028804,20.758315797294895,-23.912193079201376,-23.444289393571253,-11.344441139678583,-10.340133326138034,26.360233588537906,26.852963094495212,13.797130826601537,14.235271314452579,13.791850225094471,14.12411997456651
0.7487487487487487,-36.49197845536862,-35.850733873462545,20.09297807923606,20.86210480527547,-36.5030018380629,-35.71435876573859,7.50432169561333,8.00575408852391,1.2330730970549,2.069141637727182,26.36084029092905,20.7589832695406,-23.912157867400524,-23.443943271056877,-11.344662296559564,-10.338316882048312,26.36020152620784,26.85347399165204,13.797143246786096,14.23554710531078,13.791851861621852,14.12419058946076
0.7497497497497497,-36.49202798499523,-35.84965257395112,20.09293939119422,20.863161620109423,-36.502840846603966,-35.712621249326574,7.504375110694864,8.006248484256686,1.2330314429549063,2.07198060416922,26.360956034168677,20.759661596658205,-23.912123296347787,-23.443597926260253,-11.344879151661443,-10.3364859595317,26.360170047039393,26.853984423870195,13.797155228834672,14.235821108950272,13.791853364779223,14.12425728004282
0.7507507507507507,-36.4920761085745,-35.84856930494993,20.092901272799672,20.864227631428673,-36.502682459741905,-35.71088238844752,7.504427426777945,8.006741892213357,1.232990740226743,2.07482048141657,26.36106894163499,20.76035060997935,-23.912089354245847,-23.443253350570675,-11.345091775958698,-10.334640612409036,26.3601391372923,26.85449440912324,13.79716678204828,14.236093347572856,13.791854737798548,14.124320086274428
0.7517517517517518,-36.492122853968645,-35.84748406487262,20.092863708400664,20.865302806768398,-36.50252663564314,-35.70914216441802,7.504478664085045,8.007234342616842,1.2329509664391658,2.077661372034757,26.36117907672035,20.761050144167456,-23.91205602951617,-23.44290953539368,-11.34530023945068,-10.332780893043456,26.36010878361398,26.855003965142156,13.797177915525577,14.236363843038015,13.79185598385138,14.124379047433559
0.7527527527527528,-36.4921682484915,-35.84639685176807,20.092826682751088,20.866387114362094,-36.50237333297114,-35.70740055808748,7.504528842526148,8.00772586512013,1.2329120996041676,2.080503378553089,26.36128650135912,20.761760037163764,-23.91202331079515,-23.44256647215523,-11.345504611169977,-10.330906852337417,26.360078973027846,26.85551310942298,13.797188638167231,14.236632616864066,13.791857106049685,14.12443420212136
0.7537537537537538,-36.4922123189198,-35.84530766331822,20.0927901810006,20.86748052314885,-36.50222251088614,-35.70565754985038,7.504577981701749,8.008216488813078,1.232874118169811,2.0833466034816124,26.36139127606363,20.76248013013413,-23.911991186930308,-23.442224152305695,-11.345704959190812,-10.329018539729732,26.36004969292195,26.85602185923435,13.797198958680244,14.236899690229391,13.791858107446592,14.12448558826908
0.7547547547547547,-36.49225509150422,-35.844216496835934,20.09275418868499,20.86858300278053,-36.50207412904474,-35.70391311965806,7.504626100905907,8.008706242229223,1.2328370010131449,2.0861911493281142,26.361493459959203,20.763210267416504,-23.911959646976527,-23.44188256732362,-11.345901350637565,-10.32711600319261,26.36002093103797,26.856530231624912,13.797208885582169,14.237165083973784,13.791858991037197,14.124533243144928
0.7557557557557557,-36.49229659198024,-35.84312334926289,20.09271869171676,20.86969452362896,-36.50192814759917,-35.702167247030175,7.504673219129328,8.009195153352653,1.232800727433201,2.089037118615174,26.361593110818195,20.763950296469133,-23.911928680192343,-23.441541708719303,-11.346093851693317,-10.325199289228687,26.35999267546051,26.85703824343059,13.797218427205255,14.23742881859986,13.791859759759356,14.12457720336091
0.7567567567567568,-36.492336845578706,-35.84202821716764,20.09268367637593,20.870815056793028,-36.501784527196406,-35.70041991106575,7.504719355062496,8.00968324962488,1.2327652771440742,2.0918846138972715,26.361690285093182,20.764700067819476,-23.91189827603629,-23.44120156803817,-11.34628252760852,-10.323268442868034,26.35996491460673,26.85754591128173,13.797227591700564,14.237690914274577,13.791860416494462,14.124617504879609
0.7577577577577578,-36.49237587703617,-35.84093109674362,20.09264912930107,20.871944574105733,-36.50164322897704,-35.698671090453885,7.504764527098833,8.01017055795174,1.2327306302680838,2.0947337377779545,26.361785037949225,20.765459435013828,-23.91186842416326,-23.440862136863977,-11.34646744270966,-10.32132350766516,26.35993763721626,26.858053251610123,13.797236387041927,14.237951390830816,13.79186096406825,14.124654183020908
0.7587587587587588,-36.49241371060508,-35.83983198380728,20.0926150374805,20.873083048141226,-36.50150421457399,-35.69692076348407,7.504808753337878,8.010657104710315,1.2326967673290177,2.0975845929270713,26.36187742329528,20.766228254567668,-23.911839114420975,-23.440523406821804,-11.346648660408023,-10.319364525695958,26.359910832341416,26.85856028065593,13.79724482102992,14.238210267769048,13.791861405251575,14.124687272468682
0.7597597597597597,-36.49245037006367,-35.83873087379626,20.092581388243737,20.874230452221788,-36.50136744611101,-35.69516890805619,7.504852051588508,8.01114291575585,1.232663669245456,2.100437282098074,26.361967493814813,20.76700638591671,-23.91181033684646,-23.440185369580917,-11.346826243208488,-10.317391537554645,26.35988448933774,26.859067014474448,13.797252901295677,14.238467564259073,13.791861742761215,14.124716807277412
0.7607607607607607,-36.49248587872572,-35.83762776176757,20.092548169253128,20.875386760424785,-36.501232886200974,-35.6934155016901,7.504894439372165,8.011628016428679,1.232631317324182,2.1032919081453962,26.362055300995547,20.76779369136866,-23.911782081662565,-23.43984801685742,-11.347000252718352,-10.315404582350627,26.35985859785477,26.8595734689428,13.797260635304696,14.238723299141817,13.791861979260636,14.124742820878764
0.7617617617617618,-36.49252025944998,-35.83652264239588,20.092515368495672,20.876551947589604,-36.50110049794409,-35.69166052153494,7.504935933926109,8.01211243156116,1.2325996932536671,2.106148574041912,26.362140895158458,20.768590036055695,-23.911754339274573,-23.439511340416782,-11.347170749656218,-10.313403697705326,26.35983314782713,26.86007965976648,13.797268030360549,14.238977490931207,13.791862117360797,14.124765346088097
0.7627627627627628,-36.492553534649566,-35.835415509971774,20.092482974275043,20.877725989324542,-36.500970244925824,-35.68990394437811,7.504976552206691,8.012596185484595,1.232568779097645,2.109007382896479,26.362224325486007,20.769395287887633,-23.91172710026683,-23.439175332076175,-11.347337793860891,-10.31138891974894,26.359808129465844,26.860585602485823,13.797275093608484,14.239230157816095,13.791862159620916,14.124784415110915
0.7637637637637638,-36.492585726300995,-35.834306358400106,20.092450975203796,20.878908862013706,-36.500842091214786,-35.68814574665383,7.505016310892624,8.01307930203614,1.2325385572887608,2.1118684379715766,26.36230564004962,20.77020931750581,-23.911700355399446,-23.43883998370668,-11.347501444300324,-10.309360283117137,26.35978353324997,26.861091312482333,13.79728183203903,14.239481317662243,13.791862108549273,14.12480005954926
0.7647647647647647,-36.49261685595312,-35.83319518119831,20.09241936019576,20.880100542823868,-36.500716001360374,-35.686385904451484,7.505055226388277,8.01356180456571,1.2325090106223051,2.114731842701037,26.36238488583643,20.771031998237664,-23.91167409560502,-23.438505287235348,-11.347661759080548,-10.307317820947672,26.359759349918424,26.861596804984934,13.79728825249144,14.23973098801436,13.791861966603944,14.124812310408041
0.7657657657657657,-36.49264694473583,-35.83208197149482,20.092388118458608,20.881301009711347,-36.500591940390336,-35.68462439352357,7.50509331482697,8.014043715942863,1.2324801222500266,2.117597700707883,26.36246210877536,20.771863206051997,-23.911648311985445,-23.43817123464711,-11.347818795454671,-10.305261564876915,26.359735570462085,26.862102095076107,13.797294361657148,14.239979186098187,13.791861736193606,14.124821198101294
0.7667667667667668,-36.4926760133686,-35.830966722027426,20.09235723948661,20.882510241428854,-36.50046987380817,-35.68286118929339,7.505130592074278,8.014525058563665,1.2324518756740266,2.120466115822272,26.362537353762473,20.77270281951495,-23.91162299580876,-23.43783781798656,-11.347972609831857,-10.303191545036293,26.35971218611614,26.86260719769793,13.797300166083083,14.240225928822634,13.79186141967829,14.124826752458386
0.7677677677677678,-36.492704082168814,-35.8298494251417,20.092326713053545,20.883728217532347,-36.50034976759041,-35.681096266862404,7.505167073731328,8.015005854357526,1.232424254740732,2.1233371920995587,26.3626106646857,20.773550719746645,-23.91159813850602,-23.437505029359592,-11.348123257786296,-10.30110779004863,26.359689188352643,26.86311212765802,13.797305672174977,14.240471232781948,13.791861019370131,14.124829002730138
0.7687687687687688,-36.49273117105994,-35.82873007278943,20.092296529205782,20.88495491838791,-36.50023158818377,-35.67932960101731,7.505202775138105,8.015486124794016,1.232397243634949,2.1262110338384743,26.3626820844489,20.77440679037852,-23.911573731668263,-23.437172860934943,-11.348270794066242,-10.299010327024375,26.359666568873312,26.863616899635392,13.79731088620054,14.24071511425794,13.791860537534149,14.124827977594894
0.7697697697697697,-36.49275729957951,-35.82760865652703,20.09226667825556,20.886190325178607,-36.50011530250223,-35.6775611662368,7.505237711376753,8.015965890889644,1.2323708268739957,2.1290877455994384,26.362751654995304,20.775270917511346,-23.911549767043503,-23.436841304945567,-11.348415272602988,-10.296899181557722,26.359644319602552,26.86412152818622,13.797315814292626,14.24095758922223,13.791859976388956,14.124823705164507
0.7707707707707707,-36.492782486886945,-35.82648516751398,20.09223715077436,20.88743441991139,-36.50000087792391,-35.67579093669807,7.505271897274869,8.01644517321461,1.2323449893019114,2.1319674322230036,26.362819417330353,20.776142989673907,-23.91152623653377,-23.43651035368993,-11.348556746519874,-10.294774377722606,26.35962243268068,26.8646260277495,13.797320462452296,14.241198673338543,13.79185933810755,14.12481621299027
0.7717717717717718,-36.492806751771205,-35.82535959651124,20.0922079375865,20.888687185423997,-36.49988828228796,-35.67401888628303,7.505305347408794,8.01692399189951,1.2323197160837491,2.1348501988484405,26.362885411543928,20.77702289778236,-23.911503132192216,-23.436179999533167,-11.34869526814127,-10.292635938068564,26.35960090045736,26.865130412652654,13.797324836551825,14.241438381965024,13.79185862481801,14.124805528068757
0.7727727727727728,-36.49283011265827,-35.8242319338797,20.09217902976286,20.88994860539189,-36.499777483891265,-35.67224498858421,7.505338076106896,8.017402366642015,1.2322949926999398,2.1377361509324713,26.36294967683203,20.777910535100236,-23.91148044622025,-23.43585023490815,-11.348830889001563,-10.29048388361646,26.359579715485246,26.865634697117024,13.79732894233764,14.241676730156588,13.791857838604248,14.124791676847607
0.7737737737737738,-36.49285258761845,-35.82310216957858,20.09215041861474,20.891218664335227,-36.4996684514851,-35.67046921691046,7.50537009745284,8.017880316713498,1.2322708049407387,2.1406253942681603,26.36301225151788,20.778805797199134,-23.91145817096473,-23.43552105231642,-11.348963659854132,-10.288318233854065,26.3595588705138,26.866138895263312,13.797332785433206,14.241913732667303,13.791856981506726,14.124774685231225
0.7747747747747747,-36.49287419437357,-35.82197029316384,20.092122095687884,20.892497347625863,-36.4995611542717,-35.66869154429232,7.505401425288851,8.018357860965615,1.2322471389007457,2.143518035003964,26.36307317307248,20.779708581920023,-23.91143629891524,-23.435192444329058,-11.349093630680285,-10.286139006731489,26.359538358483345,26.866643021116925,13.797336371341826,14.242149403952787,13.791856055523178,14.124754578586412
0.7757757757757757,-36.492894950303985,-35.82083629378654,20.092094052756657,20.893784641494392,-36.49945556190072,-35.66691194348717,7.505432073218963,8.018835017836853,1.232223980973502,2.1464141796629534,26.36313247813466,20.78061878933523,-23.911414822701335,-23.434864403587408,-11.34922085069819,-10.283946218656434,26.359518172519245,26.86714708861325,13.797339705449408,14.242383758172632,13.791855062609311,14.124731381747923
0.7767767767767768,-36.49291487245541,-35.81970016019124,20.09206628181832,20.89508053303725,-36.49935164446566,-35.66513038698412,7.505462054612253,8.01931180535901,1.232201317846165,2.149313935162212,26.363190202530596,20.781536321711034,-23.911393735089923,-23.434536922803733,-11.349345368371807,-10.2817398844893,26.359498305926312,26.867651111602875,13.79734279302714,14.242616809192857,13.791854004679523,14.124705119023943
0.7777777777777778,-36.492933977545654,-35.818561880714306,20.092038775087495,20.896385010223856,-36.49924937250019,-35.663346847008626,7.505491382606057,8.019788241163637,1.2321791364942545,2.1522174088324193,26.363246381292832,20.782461083470928,-23.91137302898263,-23.434209994761787,-11.349467231419744,-10.279520017538095,26.359478752183364,26.868155103856704,13.797345639234134,14.24284857058836,13.791852883607582,14.124675814201495
0.7787787787787788,-36.49295228197119,-35.817421443282235,20.09201152499073,20.897698061903814,-36.4991487169744,-35.66156129552692,7.505520070109178,8.02026434248842,1.232157424176476,2.1551247084376284,26.36330104867882,20.783392981159462,-23.911352697413236,-23.433883612317267,-11.349586486824125,-10.277286629553174,26.359459504937945,26.86865907907105,13.797348249119976,14.243079055645405,13.791851701227325,14.124643490551762
0.7797797797797797,-36.49296980181359,-35.81627883540992,20.0919845241612,20.899019677814195,-36.49904964929104,-35.65977370425013,7.505548129805065,8.020740126183517,1.232136168429617,2.158035942195243,26.36335423818899,20.784331923406764,-23.91133273354516,-23.433557768398195,-11.349703180839407,-10.275039730721776,26.359440558001243,26.86916305087264,13.797350627627262,14.24330827736412,13.791850459333329,14.124608170835335
0.7807807807807807,-36.49298655284578,-35.81513404419889,20.091957765433527,20.90034984858687,-36.498952141281656,-35.65798404463818,7.505575574154981,8.021215608717814,1.2321153570635175,2.160951218796204,26.363405982584347,20.785277820893622,-23.911313130669004,-23.433232456005232,-11.349817359001191,-10.272779329662358,26.35942190534313,26.869667032823557,13.797352779594032,14.243536248460996,13.7918491596816,14.124569877307394
0.7817817817817818,-36.49300255053824,-35.81398705633551,20.09193124183877,20.90168856575593,-36.49885616520268,-35.65619228790352,7.50560241540115,8.021690806185152,1.232094978156111,2.1638706474253957,26.363456313903647,20.786230586317206,-23.911293882200088,-23.432907668211868,-11.34992906613494,-10.270505433418734,26.35940354108736,26.870171038426147,13.797354709756178,14.243762981371415,13.79184780399023,14.124528631722791
0.7827827827827828,-36.493017810064984,-35.81283785808914,20.09190494659946,20.90303582176519,-36.49876169373149,-35.654398405014575,7.505628665569878,8.022165734310475,1.23207502004854,2.166794337782274,26.36350526348012,20.787190134357388,-23.9112749816761,-23.43258339816458,-11.350038346364729,-10.268218047453978,26.359385459506967,26.870675081127846,13.797356422749786,14.24398848825217,13.791846393940046,14.12448445534107
0.7837837837837838,-36.49303234630949,-35.8116864353102,20.09187887312483,20.90439160997578,-36.4986686999624,-35.65260236669894,7.50565433647466,8.022640408455919,1.232055471340341,2.1697224001017363,26.363552861957764,20.78815638164364,-23.91125642275475,-23.432259639082886,-11.350145243121892,-10.265917175644116,26.35936765501973,26.871179174325977,13.797357923113424,14.24421278098401,13.791844931175278,14.124437368931405
0.7847847847847848,-36.493046173870454,-35.810532773428264,20.09185301500611,20.905755924673816,-36.49857715740264,-35.65080414344646,7.505679439719256,8.023114843626836,1.2320363208847018,2.1726549451752293,26.363599139307265,20.78912924672254,-23.911238199211464,-23.43193638425932,-11.350249799153683,-10.263602820271576,26.359350122183848,26.871683331372473,13.797359215290374,14.244435871174177,13.791843417304186,14.124387392777448
0.7857857857857857,-36.493059307067426,-35.80937685745003,20.09182736601195,20.907128761078216,-36.498487039968275,-35.64900370551197,7.505703986700752,8.02358905447776,1.232017557783787,2.175592084372115,26.363644124841468,20.79010865002585,-23.91122030493714,-23.431613627059363,-11.35035205653184,-10.261274982018397,26.359332855693697,26.87218756557858,13.797360303630825,14.244657770158964,13.7918418538997,14.124334546682121
0.7867867867867868,-36.49307175994635,-35.80821867195726,20.09180192008398,20.908510115348566,-36.49839832198008,-35.64720102291796,7.505727988612587,8.024063055318305,1.2319991713841354,2.1785339296612967,26.363687847230505,20.791094513839173,-23.911202733935937,-23.431291360921282,-11.350452056661144,-10.258933659959194,26.359315850375772,26.872691890219507,13.797361192393987,14.244878489006256,13.791840242500047,14.124278849972303
0.7877877877877878,-36.49308354628496,-35.80705820110465,20.09177667133242,20.909899984593142,-36.498310978159445,-35.645396065456914,7.505751456447567,8.024536860118985,1.2319811512721237,2.1814805936331205,26.36373033451652,20.792086762271165,-23.911185480323116,-23.430969579355903,-11.350549840287892,-10.25657885155385,26.35929910118471,26.87319631853902,13.7973618857502,14.245098038518098,13.791838584609373,14.124220321503453
0.7887887887887888,-36.49309467959808,-35.805895428617625,20.09175161403185,20.91129836687704,-36.498224983624155,-35.643588802693515,7.505774401000845,8.025010482516983,1.2319634872694996,2.184432189521557,26.36377161412802,20.793085321223323,-23.911168538322897,-23.430648275946325,-11.350645447508365,-10.254210552639957,26.359282603199496,26.87370086375402,13.797362387782938,14.245316429233245,13.79183688169834,14.124158979664145
0.7897897897897898,-36.49310517314279,-35.80473033779006,20.091726742617062,20.91270526123044,-36.49814031388425,-35.64177920396663,7.505796832872876,8.025483935821832,1.2319461694289822,2.1873888312266776,26.363811712893902,20.794090118360327,-23.911151902266372,-23.430327444347572,-11.350738917777193,-10.251828757424965,26.359266351619706,26.87420553905908,13.797362702490815,14.245533671429726,13.791835135204751,14.124094842380535
0.7907907907907907,-36.49311503992351,-35.803562911481976,20.09170205167902,20.91412066765698,-36.49805694483779,-35.63996723839111,7.50581876247235,8.025957233021048,1.2319291880299288,2.190350633337435,26.36385065705712,20.79510108308092,-23.911135566589486,-23.43000707828617,-11.350830289915711,-10.249433458478055,26.359250341761943,26.87471035763093,13.79736283378952,14.245749775127402,13.79183334653412,14.124027927120727
0.7917917917917918,-36.493124292696955,-35.802393132117054,20.091677535960883,20.915544587142314,-36.497974852766646,-35.638152874859394,7.505840200019093,8.026430386785664,1.2319125335740682,2.1933177111547546,26.36388847228796,20.796118146489327,-23.911119525831,-23.42968717155968,-11.350919602120236,-10.247024646721716,26.35923456905637,26.875215332632948,13.79736278551369,14.245964750090522,13.791831517060274,14.123958250899081
0.7927927927927928,-36.493132943976995,-35.801220981680174,20.091653190354187,20.91697702166278,-36.497894014332225,-35.63633608204291,7.505861155546943,8.026903409475722,1.231896196781298,2.196290180714954,26.363925183697088,20.797141241367235,-23.911103774630536,-23.429367718036165,-11.351006891970288,-10.244602311423012,26.35921902904332,26.87572047721958,13.797362561418783,14.246178605830277,13.791829648125928,14.123885830280429
0.7937937937937938,-36.49314100603941,-35.80004644171481,20.09162900989506,20.91841797419425,-36.49781440657125,-35.634516828393316,7.505881638906599,8.027376313145663,1.231880168585549,2.1992681588134975,26.363960815848184,20.798170302146254,-23.91108830772664,-23.429048711653582,-11.351092196436769,-10.242166440184546,26.35920371737005,26.876225804540784,13.797362165182872,14.246391351607361,13.791827741043257,14.12381068138421
0.7947947947947948,-36.49314849092653,-35.79886949332033,20.09160498976057,20.919867448721117,-36.49773600689148,-35.63269508214355,7.50590165976844,8.027849109549667,1.2318644401307106,2.2022517630291,26.363995392770327,20.799205264880943,-23.911073119954892,-23.42873014641916,-11.35117555189006,-10.239717018935092,26.35918862978758,26.876731327746405,13.797361600408385,14.246602996434513,13.79182579709445,14.123732819888527
0.7957957957957957,-36.49315541045181,-35.79769011714924,20.091581125265137,20.92132545024549,-36.49765879306744,-35.63087081130869,7.505921227625317,8.028321810146906,1.2318490027666222,2.205241111748187,26.364028937970044,20.80024606722232,-23.91105820624606,-23.42841201640867,-11.351256994108084,-10.237254031919907,26.359173762147645,26.877237059990566,13.79736087062385,14.246813549079066,13.791823817532284,14.123652261034128
0.7967967967967968,-36.49316177620429,-35.796508293404266,20.09155741185705,20.922791984796536,-36.497582743236165,-35.62904398368665,7.505940351795316,8.028794426106725,1.2318338480451254,2.208236324189732,26.364061474443073,20.8012926483919,-23.91104356162426,-23.428094315765694,-11.351336558284284,-10.234777461690685,26.359159110399723,26.87774301443602,13.797359979285556,14.247023018065486,13.791821803580646,14.123569019628297
0.7977977977977978,-36.493167599552926,-35.79532400183543,20.09153384511505,20.92426705944001,-36.49750783589288,-35.6272145668587,7.505959041424488,8.029266968313747,1.2318189677161784,2.2112375204304704,26.364093024685843,20.80234494915621,-23.911029181205187,-23.42777703870079,-11.35141427903555,-10.232287289095174,26.359144670588183,26.878249204258506,13.79735892977919,14.24723141167791,13.791819756435094,14.123483110048674
0.7987987987987988,-36.49317289165093,-35.79413722173693,20.091510420745006,20.925750682288,-36.49743404988674,-35.62538252818982,7.505977305489561,8.029739447372908,1.231804353724032,2.2142448214305195,26.364123610706677,20.80340291180182,-23.91101506019435,-23.42746017949065,-11.351490190410091,-10.229783493266426,26.35913043884952,26.878755642651083,13.797357725421431,14.24743873796268,13.791817677263378,14.123394546246994
0.7997997997997998,-36.49317766343989,-35.792947931943935,20.091487134576685,20.927242862508866,-36.497361364416605,-35.623547834828884,7.505995152800609,8.030211873614403,1.2317899982034657,2.217258349059401,26.364153254036705,20.804466480110857,-23.91100119388538,-23.427143732477184,-11.351564325895223,-10.227266051611675,26.35911641140964,26.879262342828454,13.797356369461514,14.247645004730854,13.791815567205964,14.123303341752731
0.8008008008008007,-36.4931819256539,-35.791756110829304,20.091463982560573,20.928743610337367,-36.49728975902667,-35.621710453708666,7.506012592003699,8.030684257098573,1.2317758934760838,2.2202782261224905,26.36418197574054,20.805535599336977,-23.91098757765832,-23.426827692066542,-11.351636718425114,-10.224734939800832,26.359102584581304,26.8797693180313,13.797354865082742,14.247850219560739,13.791813427376551,14.123209509676688
0.8018018018018018,-36.49318568882358,-35.79056173630014,20.091440960764793,20.93025293708504,-36.49721921360228,-35.61987035154571,7.506029631583507,8.031156607620696,1.2317620320466705,2.223304576387904,26.36420979642668,20.806610216181845,-23.910974206978004,-23.426512052728125,-11.351707400388433,-10.222190131754592,26.359088954761575,26.880276581530588,13.79735321540397,14.248054389800394,13.791811258862587,14.123113062714483
0.8028028028028028,-36.493188963279984,-35.789364785794255,20.091418065372093,20.931770855150784,-36.497149708365626,-35.61802749484001,7.506046279865908,8.03162893471572,1.2317484065996027,2.2263375246138346,26.36423673625765,20.80769027877206,-23.910961077392415,-23.426196808993506,-11.351776403635972,-10.219631599632132,26.359075518429425,26.880784146631903,13.797351423481055,14.248257522570134,13.791809062725752,14.123014013149968
0.8038038038038038,-36.493191759158464,-35.78816523627648,20.09139529267691,20.933297378031693,-36.49708122387152,-35.616181849874565,7.506062545020525,8.032101247662894,1.231735009995322,2.229377196576358,26.364262814959936,20.808775736636544,-23.910948184531115,-23.425881955455335,-11.35184375948817,-10.217059313818394,26.359062272143326,26.881292026679766,13.797349492308268,14.248459624765028,13.79180684000247,14.122912372858563
0.8048048048048048,-36.493194086402426,-35.786963064234854,20.091372639082508,20.93483252033412,-36.497013741003144,-35.614333382714754,7.506078435063262,8.032573555490352,1.2317218352668629,2.2324237190977136,26.36428805183364,20.8098665406844,-23.91093552410369,-23.42556748676617,-11.351909498742586,-10.21447324291095,26.359049212539016,26.881800235061966,13.79734742481966,14.248660703057391,13.791804591704384,14.122808153310515
0.8058058058058059,-36.493195954767025,-35.785758245676725,20.09135010109815,20.93637629778501,-36.49694724096783,-35.61248205920756,7.506093957858798,8.033045866979592,1.231708875616436,2.2354772200750888,26.364312465761927,20.810962643183192,-23.910923091898223,-23.425253397637277,-11.351973651681284,-10.211873353706421,26.35903633632727,26.8823087852139,13.797345223890424,14.248860763899263,13.79180231881884,14.12270136557407
0.8068068068068068,-36.49319737382278,-35.78455075612463,20.091327675336416,20.93792872724349,-36.49688170529283,-35.610627844980634,7.506109121123052,8.033518190669888,1.2316961244120697,2.2385378285099087,26.364336075220244,20.812063997737702,-23.910910883779813,-23.424939682837383,-11.352036248078177,-10.209259611186454,26.359023640291777,26.882817690622925,13.797342892338184,14.249059813524884,13.791800022309353,14.12259202031857
0.8078078078078078,-36.49319835295911,-35.7833405706121,20.0913053585105,20.939489826712727,-36.49681711582117,-35.60877070544126,7.506123932425622,8.033990534862626,1.2316835751843038,2.241605674537659,26.364358898285317,20.813170559269086,-23.910898895689098,-23.42462633719137,-11.352097317206278,-10.206631978503225,26.359011121287033,26.883326964832715,13.797340432924296,14.249257857953165,13.791797703116073,14.122480127817475
0.8088088088088088,-36.49319890138781,-35.78212766367927,20.091283147431636,20.94105961535207,-36.49675345470742,-35.6069106057751,7.506138399192189,8.034462907625555,1.23167122162294,2.2446808894582504,26.364380952643938,20.814282283994494,-23.910887123640823,-23.42431335557894,-11.352156887844894,-10.20399041696449,26.3589987762364,26.88383662144766,13.797337848355076,14.249454902990145,13.791795362156243,14.122365697951292
0.8098098098098098,-36.493199028146414,-35.7809120093684,20.09126103900655,20.942638113489494,-36.49669070441354,-35.60504751094485,7.506152528706896,8.034935316796965,1.2316590575738435,2.2477636057669477,26.36440225560153,20.81539912940709,-23.910875563722445,-23.424000732933212,-11.352214988286743,-10.201334886018131,26.358986602130113,26.884346674137248,13.797335141283034,14.249650954231447,13.791793000324652,14.122248740210436
0.8108108108108109,-36.493198742101576,-35.77969358121916,20.091239030235,20.944225342634336,-36.496628847704784,-35.603181385688714,7.506166328114694,8.03540776998978,1.2316470770358,2.250853957185875,26.364422824090543,20.81652105425651,-23.910864212092747,-23.423688464239298,-11.352271646345004,-10.19866534323621,26.358974596023437,26.88485713664051,13.797332314308044,14.24984601706472,13.791790618494067,14.122129263698012
0.8118118118118118,-36.49319805195229,-35.77847235226385,20.091217118207354,20.945821325490346,-36.496567867645545,-35.601312194518755,7.506179804423658,8.03588027459558,1.2316352741574226,2.253952078696124,26.36444267467862,20.817648018529695,-23.91085306498049,-23.423376544532797,-11.3523268893603,-10.195981744298509,26.35896275503484,26.885368022770464,13.797329369978517,14.250040096672084,13.79178821751568,14.122007277132512
0.8128128128128128,-36.493196966233064,-35.777248295022325,20.091195300102232,20.947426085969067,-36.49650774759526,-35.59943990171911,7.506192964507274,8.03635283778854,1.2316236432341126,2.2570581065704713,26.364461823576583,20.818779983432197,-23.910842118683085,-23.423064968898284,-11.352380744207595,-10.193284042975554,26.358951076344223,26.885879346418598,13.79732631079252,14.250233198032564,13.791785798219523,14.121882788850437
0.8138138138138138,-36.4931954933171,-35.77602138149692,20.09117357318423,20.94903964920354,-36.49644847120435,-35.597564471344036,7.506205815106697,8.036825466529283,1.2316121787050684,2.26017217840674,26.36448028664623,20.819916911369813,-23.910831369565308,-23.422753732467722,-11.352433237303046,-10.190572191111082,26.35893955719126,26.886391121559388,13.797323139198893,14.250425325924514,13.791783361414904,14.121755806808835
0.8148148148148148,-36.493193641419325,-35.77479158316703,20.09115193480165,20.950662041562367,-36.49639002241019,-35.59568586721587,7.506218362832982,8.03729816756867,1.231600875150348,2.2632944331618083,26.364498079407955,20.82105876593066,-23.910820814058013,-23.422442830418834,-11.352484394610752,-10.187846138603975,26.358928194873688,26.88690336225485,13.797319857598309,14.250616484928038,13.79178090789081,14.121626338587767
0.8158158158158159,-36.49319141859937,-35.773558870983635,20.091130382384353,20.95229329066412,-36.49633238543303,-35.593804052922785,7.506230614169275,8.037770947451495,1.2315897272879777,2.2664250111863002,26.364515217048183,20.822205511867622,-23.910810448656903,-23.422132257973427,-11.352534241649456,-10.185105833389605,26.358916986745772,26.88741608265912,13.797316468344327,14.250806679427413,13.791778438416326,14.121494391392687
0.8168168168168168,-36.49318883276457,-35.7723232153636,20.091108913441587,20.95393342539212,-36.496275544772054,-35.591918991816456,7.5062425754729905,8.038243812520115,1.2315787299711125,2.269564054259969,26.364531714426658,20.8233571150812,-23.91080026992129,-23.42182201039567,-11.352582803499168,-10.18235122142061,26.358905930216732,26.8879292970231,13.797312973744434,14.250995913613497,13.791775953741023,14.121359972056755
0.8178178178178178,-36.49318589167277,-35.77108458618375,20.09108752555993,20.955582475909605,-36.4962194852014,-35.59003064700959,7.506254252977947,8.038716768917984,1.2315678781852424,2.272711705627799,26.364547586083496,20.824513542602705,-23.91079027447291,-23.421512082990322,-11.352630104807709,-10.179582246647076,26.358895022749252,26.88844301969912,13.797309376061012,14.251184191486143,13.791773454595372,14.121223087043052
0.8188188188188188,-36.493182602935235,-35.76984295277481,20.091066216401263,20.957240473675288,-36.496164191766205,-35.58813898137331,7.50626565279648,8.039189822593132,1.2315571670454493,2.275868110036851,26.364562846246173,20.82567476257786,-23.910780458994747,-23.421202471100912,-11.352676169797196,-10.176798850996082,26.358884261858037,26.88895726514568,13.797305677512336,14.251371516856597,13.791770941691103,14.121083742446741
0.8198198198198198,-36.49317897401934,-35.768598283915125,20.091044983700776,20.95890745145931,-36.496109649778695,-35.586243957534386,7.506276780921522,8.039662979301536,1.2315465917937078,2.2790334137738677,26.36457750883626,20.826840744250752,-23.91077082022989,-23.420893170107856,-11.352721022270444,-10.174000974350642,26.358873645108417,26.889472047932216,13.79730188027352,14.251557893349911,13.791768415721624,14.120941943997122
0.8208208208208209,-36.49317501225131,-35.76735054782416,20.091023825265044,20.960583443359635,-36.49605584481432,-35.58434553787236,7.506287643228658,8.040136244610439,1.2315361477962343,2.2822077647036663,26.364591587476053,20.828011457948147,-23.910761354980384,-23.420584175426548,-11.352764685617304,-10.171188554527982,26.358863170114983,26.889987382743932,13.79729798647744,14.251743324407336,13.79176587736236,14.120797697059638
0.8218218218218218,-36.49317072481888,-35.76609971215579,20.091002738970147,20.962268484818846,-36.496002762707896,-35.58244368451656,7.506298245478154,8.040609623901574,1.231525830540882,2.285391312308344,26.36460509549505,20.82918687506417,-23.91075206010615,-23.420275482505364,-11.352807182820923,-10.168361527257158,26.35885283454029,26.8905032843867,13.797293998215642,14.251927813288727,13.791763327271145,14.120651006637775
0.8228228228228228,-36.493166118773914,-35.76484574399142,20.090981722759825,20.96396261264142,-36.495950389549776,-35.580538359342945,7.506308593316948,8.041083122374314,1.231515635634578,2.288584207727318,26.36461804593626,20.830366968045336,-23.9107429325239,-23.41996708682364,-11.35284853646394,-10.165519826156,26.35884263609356,26.891019767792006,13.797289917539228,14.252111363074944,13.79176076608858,14.120501877374902
0.8238238238238238,-36.49316120103492,-35.76358860983281,20.090960774643687,20.96566586501144,-36.49589871168207,-35.578629523970804,7.506318692280621,8.041556745048739,1.23150555880081,2.29178660379823,26.364630451562377,20.831551710375923,-23.91073396920605,-23.41965898388959,-11.352888768734603,-10.162663382707343,26.358832572529483,26.891536848021982,13.797285746459714,14.252293976670252,13.791758194438394,14.120350313556028
0.8248248248248248,-36.49315597838958,-35.76232827559473,20.090939892695463,20.96737828151079,-36.49584771569488,-35.57671713975939,7.506328547795341,8.042030496768634,1.2314955958771532,2.294998655098736,26.364642324861812,20.83274107656369,-23.910725167179695,-23.419351169238162,-11.352927901432825,-10.15979212623455,26.35882264164701,26.892054540274486,13.797281486949872,14.252475656804727,13.791755612927782,14.120196319109475
0.8258258258258259,-36.49315045749719,-35.76106470659739,20.090919075051296,20.969099903137835,-36.495797388422595,-35.57480116780436,7.506338165179773,8.042504382204399,1.2314857428128403,2.298220517989213,26.3646536780546,20.83393504212594,-23.91071652352562,-23.419043638428832,-11.352965955976153,-10.156905983876296,26.358812841288184,26.89257285988827,13.797277140944551,14.252656406036664,13.791753022147756,14.120039897608482
0.8268268268268268,-36.49314464489106,-35.759797867558554,20.09089831990808,20.970830772326615,-36.49574771694019,-35.572881568934136,7.506347549646966,8.042978405855882,1.231475995666377,2.3014523506564153,26.36466452309815,20.835133583575907,-23.910708035377237,-23.418736387043353,-11.353002953405683,-10.154004880560594,26.35880316933707,26.89309182234821,13.797272710341485,14.252836226754983,13.791750422673497,14.119881052272722
0.8278278278278278,-36.49313854698089,-35.758527722585505,20.09087762552182,20.97257093296655,-36.49569868855956,-35.57095830370611,7.506356706306211,8.043452572055134,1.2314663506031969,2.3046943131580973,26.36467487169289,20.836336678409477,-23.910699699919665,-23.418429410683434,-11.353038914391895,-10.151088738978045,26.358793623718626,26.893611443290652,13.79726819700205,14.253015121181654,13.791747815064662,14.119719785969748
0.8288288288288288,-36.49313217005505,-35.75725423516669,20.09085699020607,20.974320430422694,-36.4956502908259,-35.569031332402695,7.506365640164876,8.04392688496909,1.2314568038933589,2.3079465674686457,26.364684735287767,20.837544305092234,-23.910691514388727,-23.41812270496836,-11.35307385924042,-10.148157479554285,26.35878420239767,26.894131738508793,13.79726360275206,14.253193091374117,13.791745199865735,14.119556101216354
0.8298298298298298,-36.49312552028287,-35.755977368163144,20.09083641233039,20.97607931155652,-36.49560251151415,-35.56710061502733,7.506374356130207,8.04440134860216,1.231447351909286,2.3112092775257445,26.364694125085627,20.83875644304682,-23.910683476070037,-23.417816265532554,-11.353107807897729,-10.14521102042163,26.35877490337789,26.894652723958195,13.797258929382494,14.253370139227712,13.791742577606342,14.119390000179864
0.8308308308308309,-36.493118603716844,-35.754697083799606,20.0908158903188,20.97784762474731,-36.495555338625394,-35.56516611130026,7.506382859011108,8.044875966798747,1.231437991123543,2.314482609278108,26.364703052048476,20.839973072640618,-23.91067558229806,-23.417510088023054,-11.353140779956776,-10.142249277389853,26.358765724700824,26.895174415762366,13.797254178650215,14.253546266478129,13.791739948801556,14.119221484679336
0.8318318318318318,-36.49311142629482,-35.753413343655424,20.090795422648355,20.979625419914086,-36.49550876038337,-35.563227780654245,7.506391153519892,8.045350743245695,1.231428718106656,2.3177667307343155,26.364711526902628,20.841194175173744,-23.910667830455218,-23.417204168096944,-11.353172794662534,-10.13927216391612,26.358756664444936,26.89569683021845,13.797249352278705,14.25372147470385,13.791737313952222,14.119050556186696
0.8328328328328328,-36.49310399384211,-35.752126108655126,20.09077500784768,20.98141274853821,-36.49546276523099,-35.56128558223013,7.50639924427401,8.045825681474641,1.231419529524969,2.3210618120127804,26.36471956014373,20.842419732867338,-23.910660217970975,-23.41689850141871,-11.353203870917506,-10.136279591074027,26.358747720724683,26.89621998380302,13.797244451958724,14.253895765328629,13.791734673545252,14.118877215827782
0.8338338338338338,-36.493096312073625,-35.75083533905873,20.09075464449558,20.98320966368655,-36.49541734182687,-35.55933947487228,7.506407135797748,8.046300784864297,1.2314104221385405,2.3243680253928893,26.36472716204168,20.843649728852167,-23.91065274232103,-23.416593083657517,-11.353234027287128,-10.133271467521732,26.358738891689622,26.896743893177973,13.797239479349011,14.254069139623963,13.791732028053936,14.11870146438332
0.8348348348348348,-36.49308838659588,-35.749540994451756,20.090734331219675,20.985016220035323,-36.495372479041954,-35.557389417123886,7.506414832523905,8.046776056642651,1.231401392799077,2.327685545367349,26.36473434264544,20.844884147157526,-23.91064540102639,-23.416287910484414,-11.353263282005122,-10.130247699469143,26.358730175523547,26.897268575196527,13.79723443607694,14.254241598711598,13.791729377938228,14.118523302289821
0.8358358358358359,-36.49308022290902,-35.74824303373493,20.09071406669507,20.9868324738946,-36.4953281659561,-35.555435367222145,7.5064223387954385,8.047251499889095,1.2313924384479056,2.3310145486957787,26.36474111178771,20.846122972700424,-23.91063819165258,-23.41598297756946,-11.35329165297878,-10.127208190644149,26.358721570443656,26.897794046909357,13.79722932373915,14.25441314356604,13.791726723645024,14.118342729640386
0.8368368368368369,-36.49307182640883,-35.746941415113575,20.090693849643053,20.988658483233497,-36.49528439185479,-35.55347728309331,7.506429658867091,8.047727117536457,1.2313835561139816,2.334355214459587,26.364747479089555,20.847366191275086,-23.910631111808815,-23.41567828057879,-11.353319157794187,-10.124152842257859,26.35871307469973,26.89832032557084,13.797224143902191,14.254583775017096,13.79172406560848,14.118159746185444
0.8378378378378378,-36.493063202388605,-35.7456360960867,20.090673678829823,20.99049430770605,-36.495241146225766,-35.551515122347595,7.506436796906991,8.04820291237297,1.2313747429119342,2.337707724118173,26.364753453964894,20.848613789542704,-23.910624159147183,-23.41537381517156,-11.353345813721354,-10.121081552968828,26.358704686573343,26.898847428645414,13.797218898103132,14.254753493752432,13.791721404250252,14.11797435133342
0.8388388388388388,-36.49305435604111,-35.74432703343573,20.09065355306526,20.992340008677864,-36.49519841875583,-35.54954884227398,7.506443756998224,8.048678887044153,1.2313659960401466,2.341072261566494,26.364759045624883,20.849865755021497,-23.91061733136188,-23.41506957699685,-11.353371637719308,-10.11799421884624,26.358696404377124,26.899375373814088,13.797213587850152,14.254922300320159,13.791718739979796,14.117786544151294
0.8398398398398398,-36.493045292460394,-35.74301418321295,20.090633471201716,20.99419564925347,-36.49515619932757,-35.54757839983484,7.506450543140387,8.04915504405461,1.2313573127788733,2.3444490131940436,26.36476426308222,20.851122076077054,-23.910610626188415,-23.414765561690444,-11.353396646441102,-10.114890733332006,26.358688226453985,26.899904178981075,13.797208214623138,14.255090195131443,13.791716073194625,14.117596323365111
0.8408408408408409,-36.49303601664365,-35.74169750072952,20.090613432132844,20.99606129430448,-36.4951144780162,-35.54560375166049,7.506457159251113,8.049631385769752,1.2313486904883897,2.347838167945286,26.364769115155347,20.852382741912933,-23.910604041402863,-23.414461764871543,-11.353420856238763,-10.111770987201773,26.358680151176426,26.90043386228057,13.797202779874253,14.255257178463149,13.791713404280578,14.1174036873604
0.8418418418418419,-36.493026533492994,-35.74037694054325,20.09059343479244,20.997937010498536,-36.495073245086374,-35.54362485404355,7.506463609167575,8.050107914417437,1.2313401266071775,2.3512399173815877,26.36477361047257,20.853647742561552,-23.910597574821136,-23.414158182139364,-11.353444283168187,-10.108634868524787,26.35867217694583,26.90096444208367,13.797197285028489,14.255423250460515,13.79171073361208,14.117208634182502
0.8428428428428428,-36.4930168478172,-35.73905245644589,20.090573478153328,20.999822866329083,-36.4950324909891,-35.54164166293322,7.506469896647965,8.050584632089526,1.231331618650146,2.3546544557447024,26.36477775747608,20.854917068875334,-23.91059122429822,-23.413854809069658,-11.353466942993933,-10.105482262622594,26.3586643021918,26.90149593700547,13.797191731484215,14.255588411139863,13.79170806155239,14.11701116153684
0.8438438438438438,-36.49300696433347,-35.737724001450125,20.09055356122628,21.001718932145995,-36.49499220635863,-35.53965413392938,7.506476025372948,8.051061540743364,1.2313231642068805,2.3580819800218533,26.364781564425872,20.856190712518128,-23.910584987727493,-23.41355164121111,-11.353488851193989,-10.102313052026542,26.358656525371497,26.902028365912287,13.797186120613723,14.255752660391341,13.791705388453856,14.116811266789092
0.8448448448448448,-36.49299688766907,-35.73639152777618,20.090533683058933,21.003625280187066,-36.49495238200944,-35.537662222276566,7.506481998947101,8.051538642203164,1.231314760939929,2.3615226900124635,26.364785039403618,20.857468665956883,-23.910578863040012,-23.41324867408165,-11.353510022964462,-10.099127116434042,26.358648844969,26.902561747929056,13.797180453763724,14.255915997981715,13.791702714658165,14.116608946965291
0.8458458458458459,-36.492986622363034,-35.735054986837966,20.09051384273476,21.005541984610424,-36.494913008933224,-35.53566588285781,7.5064878209003165,8.05201593816133,1.2313064065831216,2.3649767883965938,26.364788190316418,20.858750922453595,-23.910572848203824,-23.412945903164626,-11.353530473224207,-10.095924332663563,26.35864125949472,26.903096102446913,13.797174732255868,14.256078423557199,13.791700040496568,14.116404198751843
0.8468468468468469,-36.49297617286776,-35.7337143292289,20.090494039372057,21.007469121527865,-36.494874078295894,-35.533665070188356,7.506493494689194,8.052493430179673,1.2312980989399156,2.368444480805135,26.364791024900484,20.860037476057492,-23.9105669412233,-23.412643323904902,-11.353550216619372,-10.092704574608321,26.35863376748477,26.90363144913095,13.797168957387257,14.256239936646333,13.791697366290132,14.11619701849546
0.8478478478478478,-36.49296554355063,-35.73236950470726,20.090474272122947,21.009406769039142,-36.49483558143468,-35.5316597384092,7.506499023698408,8.052971119690561,1.231289835881778,2.3719259758918176,26.36479355072475,20.861328321597494,-23.910561140138466,-23.412340931704797,-11.353569267527917,-10.089467713188622,26.358626367500413,26.904167807928133,13.797163130430894,14.256400536662916,13.791694692349973,14.115987402203023
0.8488488488488488,-36.49295473869556,-35.73102046218109,20.09045454017243,21.01135500726727,-36.49479750985521,-35.52964984128053,7.506504411242048,8.053449007997974,1.2312816153465964,2.3754214854070956,26.3647957751944,20.862623454674896,-23.91055544302436,-23.412038721919934,-11.353587640064022,-10.086213616302816,26.35861905812749,26.904705199075444,13.797157252636197,14.256560222908984,13.791692018977464,14.115775345541351
0.8498498498498498,-36.49294376250453,-35.72966714969275,20.090434842737448,21.013313918394825,-36.494759855228686,-35.527635332174974,7.506509660564941,8.053927096278482,1.2312734353371195,2.3789312242739675,26.3647977055543,20.86392287165632,-23.9105498479904,-23.411736689854934,-11.353605348082503,-10.082942148776837,26.358611837975875,26.9052436431082,13.797151325229423,14.256718994577856,13.791689346464482,14.115560843836896
0.8508508508508509,-36.4929326190991,-35.728309514402895,20.09041517906593,21.015283586701333,-36.494722609389015,-35.52561616407073,7.506514774843955,8.054405385582122,1.2312652939194288,2.3824554106657936,26.364799348892397,20.865226569666905,-23.91054435317975,-23.411434830758992,-11.353622405183096,-10.079653172312266,26.358604705678953,26.90578316086858,13.797145349414166,14.256876850757234,13.79168667509361,14.115343892075353
0.8518518518518519,-36.492921312521915,-35.72694750257408,20.09039554843594,21.017264098601718,-36.49468576433006,-35.523592289544574,7.506519757189275,8.05488387683321,1.2312571892214388,2.385994266086181,26.364800712143015,20.866534546583733,-23.91053895676872,-23.411133139821306,-11.35363882471471,-10.076346545432889,26.358597659893103,26.90632377351437,13.797139326371752,14.257033790432375,13.79168400513836,14.115124484901191
0.8528528528528528,-36.492909846738115,-35.725581059553825,20.09037595015479,21.019255542685894,-36.49464931220286,-35.52156366076464,7.506524610645668,8.055362570831045,1.2312491194314266,2.389548015451,26.36480180209008,20.867846801029494,-23.91053365696616,-23.41083161216637,-11.353654619779642,-10.073022123429697,26.358590699297203,26.90686550252793,13.797133257261704,14.257189812489333,13.79168133686338,14.114902616617098
0.8538538538538538,-36.49289822563677,-35.724210129757225,20.0903563835582,21.02125800975951,-36.49461324531295,-35.51953022948315,7.506529338193714,8.055841468250533,1.2312410827965892,2.393116887172606,26.364802625370295,20.869163332366394,-23.910528452012876,-23.4105302428491,-11.35366980323769,-10.06967975830429,26.358583822592152,26.907408369725378,13.797127143222154,14.257344915718264,13.791678670524664,14.114678281183343
0.8548548548548548,-36.492886453032305,-35.72283465664903,20.09033684800944,21.0232715928859,-36.49457755611765,-35.51749194702891,7.5065339427510285,8.056320569642722,1.2312330776216305,2.396701113246337,26.364803188476223,20.8704841406903,-23.910523340181047,-23.410229026849816,-11.35368438771024,-10.066319298710626,26.358577028500388,26.907952397266033,13.797120985370256,14.257499098816828,13.79167600636976,14.11445147221706
0.8558558558558559,-36.49287453266584,-35.72145458272517,20.09031734289855,21.025296387429265,-36.494542237223435,-35.51544876429967,7.506538427173459,8.056799875435244,1.2312251022673724,2.4003009293393647,26.364803497759333,20.871809226825096,-23.91051831977367,-23.409927959069066,-11.35369838558428,-10.06294058989507,26.35857031576545,26.90849760766209,13.79711478480259,14.257652360393664,13.791673344637951,14.114222182991444
0.8568568568568569,-36.49286246820654,-35.72006984949383,20.090297867641542,21.02733249109913,-36.49450728138335,-35.51340063175436,7.506542794256262,8.057279385932663,1.231217155149399,2.4039165748819773,26.36480355943295,20.87313859231728,-23.910513389123984,-23.40962703432226,-11.353711809016351,-10.059543473634697,26.358563683151527,26.90904402378854,13.797108542595558,14.25780469897196,13.791670685560472,14.113990406434858
0.8578578578578578,-36.492850263252954,-35.71868039745586,20.09027842167965,21.02938000399614,-36.49447268149441,-35.51134749940512,7.506547046735264,8.057759101316735,1.2312092347367187,2.407548293161377,26.364803379575164,20.87447223943079,-23.91050854659495,-23.409326247334135,-11.35372466993647,-10.056127788173784,26.35855712944302,26.90959166889338,13.79710225980577,14.257956112993114,13.791668029360686,14.113756135129872
0.8588588588588588,-36.4928379213343,-35.717286166084705,20.09025900447852,21.031439028659175,-36.49443843059507,-35.509289316809195,7.506551187287997,8.058239021646568,1.231201339550463,2.411196331418076,26.364802964131677,20.875810171142053,-23.9105037905787,-23.409025592733048,-11.353736980051949,-10.052693368158442,26.358550653444148,26.91014056660808,13.797095937470424,14.258106600820499,13.79166537625428,14.113519361312196
0.8598598598598598,-36.492825445911734,-35.71588709380566,20.090239615527565,21.033509670113933,-36.49440452186274,-35.50722603306067,7.506555218534821,8.058719146858685,1.2311934681626016,2.4148609409449766,26.36480231891857,20.877152391135244,-23.910499119496027,-23.408725065045047,-11.353748750851198,-10.049240044569338,26.358544253978515,26.910690740958337,13.797089576607668,14.258256160743333,13.791662726449442,14.11328007686955
0.8608608608608609,-36.49281284037961,-35.714483117974616,20.090220254339197,21.035592035922907,-36.49437094861131,-35.505157596781984,7.506559143040025,8.059199476767,1.2311856191946886,2.418542377189235,26.36480144962503,20.878498903797773,-23.910494531795848,-23.408424658687778,-11.35375999360746,-10.045767644652432,26.35853792988874,26.91124221637512,13.79708317821697,14.258404790980665,13.791660080147048,14.11303827334043
0.8618618618618619,-36.49280010806668,-35.713074174856075,20.09020092044814,21.037686236236894,-36.494337704288725,-35.50308395611537,7.50656296331291,8.05968001106268,1.2311777913166326,2.4222408998569924,26.36480036181603,20.879849714215993,-23.91049002595472,-23.408124367964145,-11.353770719382482,-10.04227599184768,26.358531680036062,26.91179501770603,13.797076743279469,14.258552489685476,13.79165743754084,14.112793941912802
0.8628628628628628,-36.49278725223735,-35.71166019960061,20.09018161341076,21.03979238384806,-36.49430478247457,-35.501005058714,7.506566681808851,8.060160749313914,1.23116998324549,2.425956773021083,26.364799060934917,20.881204828171114,-23.910485600476346,-23.407824187055777,-11.353780939030148,-10.038764905715626,26.358525503299973,26.912349170226975,13.797070272758312,14.258699254948914,13.79165479881759,14.112547073422697
0.8638638638638638,-36.4927742760928,-35.71024112622161,20.090162332804404,21.041910594244584,-36.494272176877736,-35.49892085173307,7.506570300930345,8.060641690965582,1.2311621937442838,2.429690265231812,26.36479755230596,20.88256425213532,-23.910481253891056,-23.407524110016254,-11.353790663200035,-10.035234201861833,26.358519398577844,26.91290469965416,13.79706376759901,14.258845084804651,13.791652164157275,14.112297658352734
0.8648648648648649,-36.49276118277219,-35.70881688757136,20.09014307822676,21.04404098566698,-36.494239881334074,-35.49683128182061,7.50657382302804,8.061122835338812,1.2311544216208454,2.4334416496309172,26.364795841136864,20.883927993268134,-23.910476984755388,-23.407224130764106,-11.353799902340956,-10.031683691859078,26.35851336478459,26.913461632156427,13.797057228729743,14.258989977233398,13.791649533733256,14.112045686830548
0.8658658658658659,-36.49274797535377,-35.707387415316404,20.090123849295225,21.04618367916612,-36.49420788980411,-35.4947362951082,7.506577250401745,8.061604181630438,1.2311466657266807,2.437211204068822,26.364793932521227,20.885296059412937,-23.91047279165156,-23.406924243075547,-11.353808666704388,-10.028113183167227,26.35850740085231,26.914019994367948,13.797050657061716,14.259133930167552,13.791646907712416,14.111791148627127
0.8668668668668669,-36.49273465685601,-35.705952639912184,20.09010464564629,21.048338798663018,-36.494176196370795,-35.49263583720139,7.506580585301424,8.062085728912342,1.2311389249558584,2.4409992112252925,26.364791831440915,20.886668459093745,-23.910468673187054,-23.406624440576962,-11.353816966347916,-10.024522479050733,26.35850150572999,26.91457981340128,13.797044053489442,14.259276941496015,13.79164428625534,14.11153403315507
0.8678678678678678,-36.49272123023868,-35.704512490576946,20.090085466934944,21.05050647101047,-36.494144795237226,-35.49052985317005,7.506583829928171,8.062567476130688,1.231131198243921,2.4448059587336237,26.364789542768406,20.888045201512156,-23.91046462799414,-23.406324716737124,-11.353824811138576,-10.020911378493677,26.35849567838312,26.915141116860795,13.797037418891076,14.25941900906917,13.79164166951647,14.111274329466756
0.8688688688688688,-36.492707698403954,-35.70306689526484,20.09006631283411,21.05268682605655,-36.49411368072453,-35.48841828753843,7.506586986435171,8.063049422105049,1.2311234845668184,2.448631739308471,26.364787071269102,20.889426296544517,-23.910460654729448,-23.406025064859122,-11.353832210756176,-10.017279676112263,26.358489917793428,26.915703932856516,13.797030754128713,14.259560130704038,13.791639057644243,14.111012026252414
0.8698698698698699,-36.49269406419746,-35.701615780638264,20.090047183034063,21.054879996710103,-36.49408284726963,-35.48630108427506,7.506590056928646,8.063531565527406,1.2311157829398631,2.452476850877466,26.36478442160358,20.89081175473928,-23.91045675207353,-23.405725478071993,-11.353839174696544,-10.013627162064694,26.358484222958555,26.916268290018337,13.79702406004867,14.259700304189623,13.79163645078127,14.110747111838123
0.8708708708708709,-36.492680330409286,-35.70015907203933,20.090028077241872,21.05708611900821,-36.49405228942318,-35.48417818678248,7.506593043468774,8.064013904961037,1.231108092416708,2.456341596716743,26.36478159832976,20.892201587314567,-23.910452918730424,-23.405425949322055,-11.353845712274746,-10.009953621958333,26.35847859289176,26.91683421751068,13.797017337481805,14.259839527292446,13.791633849064452,14.110479574183705
0.8718718718718719,-36.492666499775055,-35.69869669346053,20.090008995180877,21.059305332185804,-36.49402200184742,-35.482049537886695,7.506595948070606,8.064496438839281,1.2311004120883418,2.460226285590517,26.364778605905094,20.893595806155936,-23.91044915342726,-23.40512647136391,-11.35385183262824,-10.006258836754082,26.35847302662162,26.91740174504759,13.797010587243772,14.259977797762287,13.791631252625148,14.11020940088054
0.8728728728728729,-36.492652574976866,-35.697228567514536,20.089989936590165,21.06153777874739,-36.49399197931412,-35.47991507982647,7.506598772704959,8.064979165464186,1.2310927410821102,2.4641312318948665,26.364775448688683,20.894994423814325,-23.91044545491382,-23.404827036751115,-11.35385754472,-10.002542582667848,26.35846752319176,26.917970902908284,13.79700381013532,14.26011511333815,13.791628661589304,14.109936579149291
0.8738738738738738,-36.49263855864432,-35.69575461540299,20.08997090122405,21.063783604541054,-36.49396221670256,-35.47777475424241,7.506601519299294,8.065462083005011,1.231085078560754,2.468056755805858,26.364772130943297,20.896397453504203,-23.910441821962163,-23.404527637826494,-11.353862857341564,-9.998804631069044,26.35846208166057,26.918541721953147,13.796997006942556,14.260251471754453,13.791626076077597,14.10966109583753
0.8748748748748749,-36.49262445335547,-35.69427475688451,20.08995188885157,21.066042958834775,-36.49393270899754,-35.47562850216579,7.506604189738582,8.06594518949662,1.231077423721468,2.472003183432186,26.36476865683744,20.89780490910191,-23.910438253366205,-23.404228266712103,-11.353867779116054,-9.99504474837599,26.358456701100923,26.919114233640254,13.796990178437213,14.260386870747459,13.791623496205569,14.10938293741729
0.8758758758758759,-36.49261026163774,-35.69278891024163,20.089932899256024,21.068315994395114,-36.493903451287366,-35.473476264007196,7.506606785866146,8.066428482837726,1.2310697757949811,2.4759708469724773,26.364765030447337,20.899216805144196,-23.910434747941352,-23.403928915298785,-11.35387231850116,-9.991262695948128,26.358451380599945,26.91968847004237,13.796983325376912,14.260521308061968,13.791620922083764,14.109102089982509
0.8768768768768769,-36.49259598596891,-35.691296992246755,20.08991393223449,21.070602867568418,-36.493874438761935,-35.47131797954492,7.506609309484504,8.066911960789001,1.2310621340446537,2.4799600848774443,26.36476125575883,20.900633156826924,-23.910431304524103,-23.403629575235346,-11.353876483792044,-9.987458229974937,26.35844611925873,26.920264463864477,13.796976448505422,14.260654781458271,13.791618353817851,14.108818539246398
0.8778778778778779,-36.492581628777984,-35.68979891812713,20.08989498759735,21.07290373836458,-36.49384566671083,-35.46915358791311,7.506611762356178,8.067395620971054,1.2310544977655946,2.4839712420170517,26.36475733666932,20.902053980003995,-23.910427921971685,-23.40333023791729,-11.353880283124225,-9.983631101361441,26.358440916192105,26.92084224846186,13.796969548552903,14.260787288719388,13.79161579150876,14.108532270538712
0.8788788788788788,-36.4925671924461,-35.68829460152871,20.08987606516787,21.07521877054347,-36.49381713052144,-35.466983027589734,7.506614146204504,8.067879460862244,1.2310468662837988,2.488004669852893,26.364753276989617,20.903479291186436,-23.910424599161686,-23.403030894475155,-11.353883724476413,-9.979781055610184,26.358435770528377,26.921421857858743,13.796962626236166,14.26091882765861,13.7916132352528,14.108243268802932
0.8798798798798799,-36.49255267930742,-35.686783954478926,20.08985716478173,21.077548131704102,-36.49378882567709,-35.464806236384206,7.506616462714421,8.068363477796364,1.2310392389553002,2.4920607266159642,26.364749080445748,20.90490910754167,-23.91042133499169,-23.402731535762328,-11.353886815673286,-9.975907832699566,26.35843068140911,26.922003326767513,13.796955682258888,14.26104939612735,13.791610685141784,14.10795151859336
0.8808808808808809,-36.492538091649976,-35.68526688734835,20.089838286286625,21.079891993376695,-36.49376074775524,-35.462623151424886,7.506618713533241,8.068847668960156,1.2310316151653455,2.496139777490036,26.36474475068076,20.90634344689298,-23.91041812837892,-23.40243215234245,-11.353889564388256,-9.97201116695839,26.358425647988884,26.92258669060856,13.796948717311874,14.261178992023321,13.791608141263152,14.107657004072115
0.8818818818818819,-36.49252343171652,-35.68374330881115,20.089819429541844,21.08225053111765,-36.49373289242567,-35.46043370914621,7.506620900271419,8.069332031390676,1.2310239943275842,2.500242194800834,26.364740291256457,20.907782327719154,-23.91041497825991,-23.402132734476268,-11.35389197814614,-9.96809078693652,26.35842066943507,26.923171985530754,13.796941732073275,14.26130761329908,13.791605603700082,14.107359709006046
0.8828828828828829,-36.492508701705376,-35.682213125804374,20.08980059441786,21.084623924607634,-36.493705255448745,-35.458237845275626,7.506623024503295,8.06981656197249,1.2310163758832764,2.5043683582112513,26.36473570565512,20.909225769154308,-23.910411883590143,-23.401833272107993,-11.353894064325836,-9.964146415271477,26.358415744927612,26.923759248432543,13.796934727208816,14.261435257970913,13.79160307253161,14.107059616763555
0.8838838838838838,-36.49249390377123,-35.68067624348592,20.089781780795946,21.087012357752805,-36.49367783267367,-35.45603549482027,7.506625087767829,8.070301257434702,1.2310087593005172,2.5085186549228085,26.364730997281164,20.910673790987865,-23.910408843343713,-23.401533754851087,-11.35389583016293,-9.960177768550873,26.358410873658816,26.924348516983773,13.79692770337202,14.26156192412813,13.791600547832738,14.10675671031133
0.8848848848848849,-36.49247904002597,-35.67913256519127,20.089762988567784,21.089416018789365,-36.49365062003677,-35.45382659205332,7.506627091569325,8.070786114347813,1.2310011440734798,2.5126934798836147,26.364726169462816,20.912126413664755,-23.910405856513023,-23.401234171973496,-11.353897282752266,-9.956184557170491,26.35840605483313,26.924939829648203,13.796920661204425,14.261687609942761,13.79159802967455,14.106450972210984
0.8858858858858859,-36.49246411253943,-35.67758199238884,20.089744217635104,21.091835100391496,-36.49362361355981,-35.4516110705001,7.506629037378136,8.071271129120392,1.2309935297216723,2.5168932360030656,26.364721225453685,20.913583658285752,-23.910402922108435,-23.400934512382257,-11.353898429050483,-9.952166485187895,26.358401287666947,26.92553322570673,13.796913601335786,14.261812313679666,13.791595518124312,14.106142384615609
0.8868868868868869,-36.4924491233402,-35.67602442463396,20.089725467909307,21.094269799782865,-36.49359680934839,-35.449388862923925,7.50663092663136,8.071756297995561,1.2309859157892142,2.52111833437354,26.36471616843436,20.91504554660799,-23.91040003915797,-23.400634764607513,-11.3538992758785,-9.94812325017138,26.35839657138841,26.926128745281414,13.796906524384308,14.261936033707125,13.791593013245588,14.105830929266244
0.8878878878878879,-36.49243407441637,-35.67445975952142,20.08970673931112,21.096720318851773,-36.49357020359025,-35.44715990131159,7.506632760733524,8.072241617047299,1.2309783018441247,2.5253691944993704,26.364711001513943,20.916512101045665,-23.91039720670699,-23.40033491678582,-11.353899829923972,-9.944054543044116,26.358391905237205,26.92672642936026,13.796899430956827,14.262058768507877,13.791590515098328,14.105516587488246
0.8888888888888888,-36.49241896771629,-35.67288789263651,20.089688031770255,21.099186864270138,-36.49354379255373,-35.44492411685863,7.506634541057251,8.07272708217653,1.2309706874776307,2.529646244533361,26.364705727731565,20.917983344670905,-23.910394423817884,-23.400034956642802,-11.353900097743686,-9.939960047923305,26.35838728846437,26.927326319822853,13.796892321649024,14.26218051669068,13.791588023738983,14.105199340187589
0.8898898898898899,-36.49240380514928,-35.671308717504544,20.089669345225076,21.101669647616397,-36.49351757258616,-35.442681439954214,7.50663626894392,8.073212689107018,1.230963072303488,2.533949921521155,26.364700350057863,20.919459301214783,-23.91039168956979,-23.399734871475065,-11.35390008576595,-9.935839441954165,26.35838272033212,26.927928459466823,13.796885197045611,14.26230127700239,13.791585539220597,14.104879167847061
0.8908908908908909,-36.49238858858637,-35.66972212553878,20.089650679622256,21.104168885502546,-36.493491540112345,-35.44043180016577,7.506637945704311,8.07369843338105,1.2309554559573177,2.538280671653752,26.364694871396427,20.920939995068526,-23.91038900305828,-23.39943464813136,-11.353899800292911,-9.931692395138557,26.358378200113652,26.92853289203522,13.796878057720544,14.262421048340595,13.791583061592895,14.104556050522389
0.8918918918918919,-36.49237331986101,-35.668128005986695,20.08963203491648,21.106684799705388,-36.493465691633034,-35.438175126223264,7.506639572619238,8.074184310354882,1.230947838095957,2.5426389505285014,26.364689294585222,20.92242545128488,-23.910386363395077,-23.399134272992942,-11.353899247502856,-9.927518570158052,26.358373727092975,26.929139662244797,13.796870904237178,14.262539829766846,13.791580590902408,14.104229967838268
0.8928928928928929,-36.492358000769734,-35.66652624587452,20.089613411070133,21.109217617302235,-36.493440023723416,-35.43591134600315,7.506641150940172,8.074670315193972,1.230940218396828,2.547025223418905,26.364683622397983,20.923915695579627,-23.910383769707774,-23.398833731953097,-11.35389843345246,-9.923317622191252,26.358369300564743,26.92974881581526,13.79686373714849,14.26265762052049,13.79157812719252,14.103900898984325
0.8938938938938938,-36.49234263307288,-35.66491672995008,20.089594808052993,21.111767570811168,-36.493414533031675,-35.43364038651201,7.50664268188985,8.075156442867966,1.2309325965573152,2.5514399655535787,26.36467785754557,20.925410754333267,-23.910381221139556,-23.398533010395816,-11.35389736407902,-9.919089198725127,26.35836491983406,26.93036039949952,13.796856556997238,14.262774420033168,13.7915756705036,14.103568822710983
0.8948948948948949,-36.49232721849525,-35.6632993406237,20.089576225841945,21.114334898336057,-36.493389216277535,-35.4313621738698,7.506644166662875,8.075642688145448,1.230924972294161,2.5558836624047427,26.364672002677292,20.926910654592874,-23.91037871684892,-23.398232093173522,-11.353896045202616,-9.914832939360148,26.358360584216328,26.93097446111498,13.796849364316143,14.262890227943995,13.79157322087306,14.10323371732526
0.8958958958958959,-36.49231175872674,-35.66167395790731,20.089557664420692,21.11691984371653,-36.493364070250834,-35.42907663329278,7.506645606426305,8.076129045588422,1.2309173453428746,2.560356809986618,26.36466606038225,20.92841542407408,-23.9103762560094,-23.397930964583853,-11.353894482528275,-9.910548475609005,26.35835629303709,26.931591049575914,13.796842159628076,14.263005044115458,13.791570778335462,14.102895560686482
0.8968968968968969,-36.492296255423035,-35.6600404593515,20.08953912377948,21.119522656683067,-36.49333909181015,-35.42678368907608,7.506647002320228,8.076615509546532,1.2309097154571529,2.5648599151641327,26.36466003319057,20.92992509116323,-23.910373837809328,-23.397629608345447,-11.353892681648082,-9.906235430688646,26.35835204563186,26.93221021492694,13.796834943446203,14.26311886865008,13.79156834292259,14.102554330201935
0.8978978978978979,-36.49228071020619,-35.658398719980575,20.08952060391484,21.122143593017416,-36.49331427788141,-35.42448326457586,7.506648355458327,8.077102074151007,1.2309020824083152,2.5693934959723594,26.364653923574693,20.931439684919706,-23.910371461451543,-23.397328007572643,-11.353890648043231,-9.901893419305381,26.358347841345967,26.9328320083777,13.796827716274183,14.26323170190789,13.791565914663536,14.102210002822423
0.8988988988988988,-36.49226512466529,-35.6567486122255,20.089502104829315,21.12478291471857,-36.49328962545656,-35.42217528219113,7.50664966692844,8.077588733308325,1.230894445984753,2.573958081947116,26.364647733950576,20.93295923507835,-23.910369126153153,-23.3970261447491,-11.353888387086103,-9.897522047432808,26.358343679534407,26.933456482338748,13.79682047860632,14.26334354452473,13.791563493584786,14.101862555037778
0.8998998998998999,-36.49224950035705,-35.65509000585461,20.0894836265312,21.127440890174462,-36.49326513159223,-35.41985966334513,7.5066509377931,8.078075480693563,1.230886805991389,2.5785542144671925,26.364641466678915,20.934483772052086,-23.91036683114529,-23.396724001700225,-11.353885904042237,-9.893120912082264,26.35833955956169,26.934083690458685,13.79681323092772,14.263454397431468,13.791561079710286,14.1015119628723
0.9009009009009008,-36.49223383880642,-35.653422767902086,20.08946516903432,21.130117794339682,-36.493240793408454,-35.417536328466376,7.506652169090072,8.078562309743454,1.2308791622491513,2.5831824471086837,26.36463512406631,20.936013326934653,-23.910364575672837,-23.396421559564413,-11.353883204072323,-9.888689601065515,26.358335480801685,26.93471368766264,13.796805973714456,14.263564261874139,13.791558673061534,14.101158201880116
0.901901901901902,-36.492218141507166,-35.65174676259405,20.08944673235776,21.132813908919378,-36.49321660808736,-35.41520519696921,7.50665336183288,8.079049213649105,1.2308715145944586,2.5878433460119274,26.364628708366432,20.937547931503495,-23.91036235899423,-23.396118798762956,-11.353880292234146,-9.884227692749405,26.358331442637496,26.935346530192117,13.796798707433728,14.263673139435088,13.791556273657646,14.100801247140508
0.9029029029029028,-36.49220240992246,-35.650061851272206,20.089428316525655,21.135529522559633,-36.49319257287195,-35.41286618723401,7.506654517011316,8.07953618534839,1.2308638628787183,2.592537490261576,26.364622221781133,20.939087618222786,-23.910360180381183,-23.395815698968647,-11.353877173484468,-9.879734755802117,26.3583274444613,26.93598227564627,13.796791432544005,14.263781032055157,13.79155388151543,14.100441073253167
0.9039039039039038,-36.49218664548545,-35.64836789231494,20.08940992156695,21.138264931044578,-36.49316868506484,-35.41051921658687,7.506655635591947,8.080023217517986,1.2308562069678368,2.5972654722803523,26.364615666461567,20.94063242024657,-23.910358039118464,-23.395512239072943,-11.35387385268093,-9.87521034893073,26.358323485674216,26.936620983024675,13.79678414949519,14.263887942056973,13.79155149664946,14.100077654333404
0.9049049049049048,-36.49217084959978,-35.64666474105577,20.0893915475152,21.141020437500472,-36.49314494202708,-35.40816420127895,7.506656718518616,8.080510302565049,1.2308485467417385,2.6020278982370684,26.36460904450928,20.942182371422064,-23.910355934503674,-23.395208397151634,-11.35387033458388,-9.87065402060975,26.358319565686173,26.937262712771652,13.796776858728755,14.26399387216941,13.791549119072146,14.099710964007317
0.905905905905906,-36.492155023640215,-35.64495224969913,20.08937319440831,21.14379635260707,-36.49312134117694,-35.40580105646525,7.506657766712917,8.080997432618496,1.2308408820939,2.6068253884695065,26.364602357977255,20.943737506293065,-23.910353865847014,-23.394904150428967,-11.353866623858188,-9.866065308800216,26.358315683915777,26.93790752682222,13.79676956067789,14.264098825553265,13.791546748793804,14.099340975406912
0.9069069069069068,-36.49213916895312,-35.64323026723316,20.089354862288378,21.14659299481655,-36.49309787998874,-35.403429696183004,7.506658781074679,8.081484599519909,1.230833212930895,2.6116585779228036,26.36459560887096,20.945297860103484,-23.910351832471076,-23.39459947524011,-11.353862725075023,-9.861443740659032,26.35831183979017,26.938555488649722,13.796762255767645,14.264202805828253,13.79154438582272,14.098967661165206
0.907907907907908,-36.492123286856994,-35.64149863933967,20.08933655120147,21.149410690580336,-36.49307455599172,-35.40105003332954,7.506659762482434,8.08197179481401,1.2308255391719465,2.616528116603999,26.364588799149377,20.94686346880101,-23.910349833710608,-23.394294346991877,-11.353858642713616,-9.856788832238127,26.358308032744915,26.939206663315233,13.79675494441507,14.26430581710135,13.791542030165214,14.098590993411284
0.9089089089089089,-36.49210737864303,-35.63975720830102,20.089318261197423,21.15224977458409,-36.49305136676891,-35.39866197963967,7.5066607117938675,8.082459009738706,1.2308178607484928,2.6214346700534428,26.36458193072598,20.948434369040868,-23.91034786891231,-23.393988740121664,-11.353854381162956,-9.852100088173023,26.358304262223864,26.93986111751878,13.796747627029358,14.264407863996603,13.79153968182571,14.098210943765354
0.90990990990991,-36.49209144557556,-35.63800581290373,20.089299992329657,21.155110589991253,-36.493028309956024,-35.39626544566254,7.506661629846278,8.08294623521469,1.2308101776037654,2.6263789198337975,26.364575005469728,20.950010598189703,-23.91034593743464,-23.393682628054425,-11.353849944723509,-9.84737700136039,26.35830052767904,26.940518919652504,13.796740304011964,14.264508951686445,13.791537340806794,14.097827483333782
0.9109109109109108,-36.49207548889263,-35.63624428833886,20.08928174465499,21.157993488695475,-36.49300538324036,-35.393860340738,7.506662517457007,8.083433461834558,1.2308024896923735,2.6313615640373973,26.36456802520602,20.95159219432956,-23.910344038647573,-23.39337598315767,-11.35384533760886,-9.842619052624137,26.3582968285705,26.941180139855796,13.796732975756754,14.26460908592464,13.791535007109276,14.097440582704131
0.911911911911912,-36.49205950980644,-35.6344724660989,20.08926351823346,21.160898831582287,-36.49298258435975,-35.39144657297239,7.506663375423883,8.083920679851442,1.230794796979901,2.6363833178127747,26.36456099171762,20.953179196261964,-23.910342171932427,-23.393068776694328,-11.353840563947353,-9.837825710369545,26.35829316436624,26.94184485007254,13.796725642650124,14.264708273080931,13.791532680732242,14.0970502119402
0.9129129129129128,-36.49204350950384,-35.632690173871104,20.089245313128146,21.16382698880042,-36.492959911101515,-35.38902404921381,7.506664204525632,8.084407879167129,1.230787099442512,2.6414449139111906,26.3645539067456,20.95477164351209,-23.91034033668166,-23.392760978773364,-11.353835627783692,-9.832996430224995,26.358289534542052,26.942513124110512,13.79671830507113,14.264806520177471,13.791530361673132,14.096656340577084
0.913913913913914,-36.492027489146814,-35.63089723542709,20.08922712940501,21.16677834004316,-36.49293736130142,-35.386592675026804,7.506665005522304,8.084895049319634,1.230779397066569,2.6465471032540644,26.364546771990213,20.956369576333024,-23.910338532298663,-23.392452558298057,-11.353830533080528,-9.828130654670717,26.35828593858145,26.94318503770308,13.796710963391616,14.264903834927175,13.791528049927772,14.096258937616271
0.914914914914915,-36.49201144987295,-35.629093470508565,20.08920896713272,21.169753274840165,-36.492914932842694,-35.38415235466647,7.506665779155676,8.085382179470216,1.2307716898482572,2.651690655522228,26.364539589111793,20.9579730357101,-23.91033675819758,-23.392143482911806,-11.353825283719994,-9.82322781265406,26.358282375975495,26.943860668573254,13.79670361797633,14.265000225774077,13.791525745490452,14.09585797152077
0.915915915915916,-36.49199539279588,-35.62727869470901,20.08919082638249,21.1727521928602,-36.492892623655,-35.38170299105193,7.506666526149648,8.085869258389799,1.2307639777932196,2.6568763597679856,26.364532359731612,20.9595820633653,-23.910335013803117,-23.391833718941303,-11.353819883505238,-9.818287319190699,26.358278846222753,26.94454009650021,13.796696269183055,14.265095701935806,13.791523448353956,14.095453410210295
0.9169169169169168,-36.491979319005736,-35.625452719351244,20.089172707227945,21.175775504225225,-36.49287043171351,-35.37924448573927,7.506667247210642,8.086356274444789,1.230756260916201,2.6621050250510074,26.36452508543272,20.96119670176173,-23.910333298550352,-23.391523231336976,-11.353814336161916,-9.813308574951167,26.35827534882914,26.945223403388425,13.796688917362724,14.265190273448313,13.791521158509635,14.095045221056525
0.917917917917918,-36.4919632295696,-35.623615351360506,20.08915460974495,21.178823629836327,-36.492848355037914,-35.37677673889374,7.506667943027978,8.086843215582224,1.2307485392407018,2.6673774810991357,26.364517767760784,20.962816994108138,-23.91033161188456,-23.391211983610514,-11.35380864533966,-9.808290965832128,26.358271883307832,26.94591067333951,13.796681562859522,14.265283951212982,13.791518875947451,14.094633370878448
0.9189189189189187,-36.49194712553193,-35.621766393133136,20.08913653401147,21.181897001712027,-36.492826391691494,-35.374299649261374,7.506668614274254,8.087330069314271,1.2307408127986397,2.6726945789952397,26.364510408224888,20.9644429843635,-23.910329953261027,-23.39089993776934,-11.353802814613523,-9.803233862511695,26.35826844917916,26.94660199272687,13.796674206011025,14.265376747046243,13.79151660065603,14.0942178259378
0.91991991991992,-36.49193100791499,-35.61990564240043,20.089118480107437,21.18499606333946,-36.492804539780224,-35.37181311413992,7.506669261605715,8.087816822702003,1.2307330816300202,2.6780571918913134,26.364503008298335,20.966074717241607,-23.91032832214488,-23.390587054247863,-11.353796847485404,-9.798136619988119,26.3582650459705,26.947297450273293,13.79666684714829,14.26546867373186,13.791514332622691,14.093798551934634
0.9209209209209208,-36.491914877719275,-35.61803289208763,20.089100448114607,21.188121270039016,-36.492782797451845,-35.36931702934907,7.506669885662615,8.088303462338425,1.230725345782616,2.6834662157510736,26.36449556941942,20.967712238215704,-23.91032671801092,-23.390273291835307,-11.353790747385432,-9.79299857710114,26.358261673216184,26.947997137131686,13.796659486595985,14.265559745076017,13.791512071833536,14.09337551400303
0.921921921921922,-36.4918987359239,-35.61614793016779,20.089082438116428,21.191273089342964,-36.49276116289499,-35.36681128919999,7.506670487069566,8.088789974330748,1.2307176053116538,2.6889225701223767,26.3644880929922,20.96935559352313,-23.91032514034344,-23.38995860759997,-11.353784517673336,-9.787819056035222,26.358258330457385,26.948701146969004,13.796652124672477,14.2656499759654,13.791509818273443,14.092948676706957
0.9229229229229228,-36.49188258348702,-35.61425053951027,20.089064450197917,21.194452001388772,-36.492739634338335,-35.364295786464105,7.506671066435892,8.089276344281817,1.2307098602795103,2.6944271989408484,26.36448058038722,20.97100483016997,-23.910323588636057,-23.389642956809666,-11.353778161639802,-9.7825973618039,26.358255017242037,26.94940957605356,13.796644761689954,14.265739382428439,13.791507571926164,14.09251800403634
0.923923923923924,-36.49186642134623,-35.61234049772374,20.08904648444553,21.19765849932764,-36.4927182100497,-35.361770412341144,7.506671624355966,8.08976255727071,1.2307021107554157,2.6999810713661847,26.364473032942268,20.97265999593568,-23.910322062391568,-23.38932629284819,-11.353771682507778,-9.777332781714374,26.358251733124725,26.950122523345897,13.79663739795453,14.26582798169987,13.791505332774326,14.092083459403323
0.924924924924925,-36.49185025041895,-35.610417576993335,20.08902854094704,21.200893089749034,-36.492696888335274,-35.35923505642642,7.506672161409542,8.090248597832415,1.2306943568151636,2.7055851826526705,26.36446545196308,20.97432113937769,-23.910320561121768,-23.389008567127515,-11.353765083433784,-9.77202458481151,26.358248477666592,26.95084009059334,13.796630033766336,14.265915792288862,13.7915031007995,14.091645005638785
0.925925925925926,-36.49183407160278,-35.60848154391181,20.08901061979144,21.204156293121805,-36.492675667538755,-35.356689606677286,7.506672678162083,8.090734449936587,1.2306865985408322,2.7112405550555354,26.36445783872404,20.97598830983598,-23.910319084347307,-23.38868972899556,-11.353758367509185,-9.766672021300282,26.358245250435253,26.951562382428435,13.79662266941963,14.266002834050887,13.79150087598223,14.091202604989117
0.9269269269269268,-36.49181788577593,-35.60653215930439,20.088992721068795,21.207448644252747,-36.492654546040555,-35.354133949378785,7.506673175165083,8.091220096965296,1.230678836020508,2.7169482387748563,26.36445019446886,20.977661557437575,-23.910317631597525,-23.388369725639194,-11.353751537761433,-9.761274321945734,26.358242051004694,26.95228950647147,13.796615305202891,14.266089128263573,13.791498658302084,14.090756219113313
0.927927927927928,-36.49180169379754,-35.604569178047086,20.088974844870172,21.210770692763266,-36.49263352225702,-35.351567969108466,7.506673652956375,8.09170552168975,1.2306710693480214,2.7227093129388074,26.364442520411263,20.979340933100982,-23.910316202410304,-23.388048501982293,-11.353744597155307,-9.755830697449401,26.3582388789552,26.953021573437205,13.796607941398928,14.266174697706761,13.791496447737686,14.09030580908039
0.9289289289289288,-36.491785496508065,-35.60259234887813,20.088956991287507,21.214123003585033,-36.49261259463967,-35.348991548700305,7.506674112060447,8.09219070624592,1.230663298622686,2.7285248866281595,26.364434817735653,20.98102648854052,-23.91031479633191,-23.38772600057847,-11.35373754859412,-9.750340337801148,26.358235733873222,26.95375869724609,13.79660057828496,14.266259566747054,13.791494244266756,14.089851335367188
0.92992992992993,-36.491769294729615,-35.600601414202345,20.088939160413513,21.217506157475444,-36.49259176167438,-35.34640456920775,7.506674552988734,8.092675632109021,1.2306555239490469,2.7343960999440236,26.36442708759772,20.98271827627056,-23.91031341291688,-23.38740216149824,-11.3537303949209,-9.744802411605287,26.35823261535136,26.954500995140144,13.796593216132717,14.266343761427098,13.79149204786615,14.089392757856597
0.9309309309309308,-36.491753089266325,-35.59859610988799,20.08892135234159,21.220920751553763,-36.49257102188074,-35.34380690986583,7.506674976239919,8.093160280066774,1.230647745436636,2.740324125120953,26.364419331125102,20.984416349609578,-23.91031205172781,-23.387076922210277,-11.353723138919555,-9.739216065379777,26.358229522988218,26.95524858780373,13.79658585520854,14.266427309559894,13.791489858511897,14.088930035836235
0.931931931931932,-36.49173688090468,-35.59657616505594,20.088903567165712,21.224367399858913,-36.49255037381123,-35.341198448052346,7.506675382300219,8.093644630191424,1.2306399631997322,2.746310167687629,26.36441154941802,20.986120762684113,-23.910310712335285,-23.386750217456417,-11.35371578331603,-9.73358042282729,26.35822645638832,26.956001599489454,13.796578495773463,14.266510240828467,13.791487676179228,14.088463127997644
0.9329329329329328,-36.49172067041386,-35.59454130186068,20.08888580498035,21.22784673392988,-36.49252981605055,-35.33857905924799,7.506675771643668,8.0941286618104,1.2306321773571298,2.7523554676774777,26.364403743549826,20.987831570432487,-23.910309394317697,-23.386421979120023,-11.353708330779403,-9.727894584076784,26.35822341516208,26.956760158149457,13.796571138083303,14.266592586891187,13.791485500842624,14.087991992436052
0.933933933933934,-36.49170445854606,-35.5924912352629,20.088868065880376,21.231359403409733,-36.49250934721493,-35.335948616995594,7.5066761447323955,8.094612353475583,1.2306243880319123,2.7584613008916934,26.36439591456765,20.989548828608346,-23.910308097261115,-23.386092136087356,-11.35370078392302,-9.722157624894251,26.358220398925667,26.957524395572342,13.79656378238876,14.266674381493138,13.791483332475837,14.08751658665076
0.934934934934935,-36.49168824603683,-35.590425672793224,20.088850349960985,21.23490607667437,-36.4924889659514,-35.333306992858205,7.506676502016899,8.095095682931094,1.230616595351235,2.7646289802172888,26.36438806349295,20.991272593783936,-23.91030682075916,-23.385760614101496,-11.353693145305552,-9.716368595861134,26.358217407300945,26.958294447526036,13.796556428935478,14.266755660583858,13.791481171051927,14.087036867546201
0.935935935935936,-36.49167203360538,-35.58834431430675,20.088832657317592,21.23848744148709,-36.49246867093718,-35.33065405637617,7.506676843936306,8.095578627079524,1.2306087994461083,2.770859857002927,26.3643801913221,20.993002923353128,-23.91030556441286,-23.385427335608405,-11.35368541743207,-9.710526521518913,26.358214439915393,26.959070453906858,13.79654907796416,14.266836462441907,13.7914790165433,14.086552791433759
0.9369369369369368,-36.4916558219549,-35.58624685172796,20.08881498804579,21.242104205680203,-36.492448460878954,-35.32798967502308,7.506677170918639,8.09606116194653,1.2306010004511938,2.777155322495458,26.364372299026932,20.994739875534126,-23.910304327830527,-23.38509221959463,-11.35367760275509,-9.704630399478217,26.358211496402024,26.95985255889512,13.796541729710633,14.266916827806632,13.791476868921729,14.0860643140344
0.937937937937938,-36.491639611772854,-35.58413296878551,20.088797342241232,21.24575709786488,-36.49242833451226,-35.325313714160586,7.506677483381066,8.096543262643694,1.2305931985046012,2.7835168093402336,26.364364387555288,20.996483509371835,-23.91030311062763,-23.384755181416157,-11.353669703675594,-9.698679199490776,26.358208576399303,26.960640911117594,13.796534384405934,14.26699680001764,13.791474728158397,14.085571390482222
0.938938938938939,-36.4916234037313,-35.58200234073664,20.08877971999958,21.2494468681706,-36.49240829060086,-35.322626036992006,7.506677781730153,8.097024903329574,1.2305853937476932,2.7899457931484597,26.364356457831544,20.998233884739847,-23.910301912426675,-23.38441613261789,-11.35366172254404,-9.692671862482387,26.358205679551084,26.961435663817163,13.796527042276397,14.267076425162427,13.791472594223912,14.085073975328962
0.93993993993994,-36.49160719848719,-35.579854634080476,20.08876212141643,21.25317428901549,-36.49238832793611,-35.31992650451478,7.50667806636211,8.09750605716883,1.2305775863248956,2.7964437941350226,26.364348510757154,20.999991062342012,-23.910300732857053,-23.38407498074314,-11.353653661661344,-9.686607299545026,26.35820280550652,26.96223697503005,13.796519703543716,14.267155752232705,13.791470467088349,14.084572022549601
0.9409409409409408,-36.49159099668262,-35.57768950625989,20.088744546587243,21.256940155909057,-36.49236844533633,-35.317214975471614,7.506678337663026,8.097986696289327,1.2305697763835128,2.8030123788304264,26.364340547211132,21.00175510371354,-23.910299571554955,-23.38373162913257,-11.353645523279855,-9.68048439088607,26.358199953920007,26.963045007770983,13.796512368425052,14.26723483328998,13.791468346721263,14.084065485549134
0.941941941941942,-36.49157479894516,-35.57550660535141,20.08872699560728,21.260745288288756,-36.49234864164624,-35.31449130630035,7.506678596009109,8.098466791737097,1.2305619640735497,2.8096531618706844,26.36433256805058,21.003526071221582,-23.91029842816323,-23.38338597671189,-11.35363730960431,-9.67430198473254,26.358197124451085,26.963859930226757,13.79650503713308,14.267313723640969,13.791466233091745,14.083554317170622
0.9429429429429428,-36.49155860588811,-35.573305569742516,20.088709468571523,21.264590530392017,-36.49232891573636,-35.31175535108251,7.506678841766909,8.098946313429067,1.2305541495475354,2.8163678078692316,26.364324574111155,21.005304028065265,-23.910297302331276,-23.383037917767634,-11.353629022792758,-9.668058896188112,26.358194316764394,26.964681915958543,13.796497709876077,14.26739248202352,13.791464126168403,14.08303846970464
0.943943943943944,-36.4915424181108,-35.57108602779587,20.088691965574643,21.26847675216534,-36.49230926650244,-35.309006961490475,7.506679075293548,8.099425230103384,1.2305463329603583,2.823158033375155,26.36431656620757,21.00708903827508,-23.910296193714924,-23.382687341710277,-11.353620664957488,-9.661753906040545,26.358191530529584,26.965511144113478,13.796490386858,14.267471170803685,13.791462025919431,14.08251789490025
0.944944944944945,-36.49152623619882,-35.56884759749975,20.08867448671092,21.272404850212222,-36.492289692864894,-35.30624598673318,7.50667929693694,8.099903509267248,1.2305385144691006,2.8300256089222944,26.36430854513405,21.00888116671161,-23.910295101976324,-23.38233413282386,-11.353612238165924,-9.655385759517031,26.358188765421257,26.966347799645966,13.796483068278562,14.267549856184692,13.791459932312616,14.081992543977629
0.945945945945946,-36.49151006072432,-35.56658988610418,20.088657032074178,21.27637574878169,-36.492270193768256,-35.30347227350043,7.506679507036002,8.100381117142083,1.2305306942328784,2.8369723611740265,26.3643005116648,21.01068047906351,-23.91029402678383,-23.381978170001336,-11.353603744441507,-9.648953164984833,26.358186021118893,26.967192073549242,13.796475754333288,14.267628608428625,13.791457845315351,14.08146236764251
0.9469469469469468,-36.49149389224623,-35.564312489742036,20.08863960175776,21.280390400799373,-36.49225076818064,-35.300685665905625,7.5066797059208685,8.100858018605907,1.2305228724126906,2.8440001751688286,26.36429246655445,21.012487041844672,-23.910292967811895,-23.381619326464644,-11.35359518576458,-9.642454792594421,26.358183297306777,26.968044163097698,13.796468445213597,14.267707502091598,13.791455764894684,14.080927316102578
0.947947947947948,-36.49147773131059,-35.56201499303436,20.08862219585446,21.2844497889431,-36.4922314150932,-35.29788600542697,7.506679893913098,8.101334177132737,1.2305150491712686,2.8511109966720154,26.364284410538485,21.01430092239051,-23.910291924740967,-23.381257469468625,-11.35358656407321,-9.635889272862164,26.358180593673943,26.96890427210058,13.796461141106874,14.267786616273375,13.791453691017312,14.080387339086002
0.948948948948949,-36.49146157845071,-35.5596969686793,20.088604814456456,21.288554926765066,-36.49221213351964,-35.295073130847015,7.5066800713258734,8.101809554728863,1.2305072246729314,2.8583068346393623,26.36427634433371,21.016122188853274,-23.910290897257372,-23.38089245998767,-11.353577881264044,-9.629255195189462,26.358177909914097,26.96977261116764,13.796453842196533,14.267866034882369,13.791451623649635,14.079842385862301
0.94994994994995,-36.49144543418748,-35.557357977023734,20.08858745765529,21.292706859862797,-36.49219292249567,-35.29224687819059,7.506680238464199,8.102284111865814,1.2304993990834463,2.8655897637986647,26.364268268638643,21.01795091019632,-23.910289885053224,-23.380524152384027,-11.353569139193128,-9.622551106315006,26.358175245725565,26.9706493979874,13.796446548662082,14.267945846917074,13.791449562757746,14.079292405265727
0.950950950950951,-36.49142929902959,-35.55499756561691,20.08857012554181,21.296906667101165,-36.49217378107855,-35.289407080660936,7.506680395625096,8.102757807409796,1.2304915725698942,2.872961927355636,26.364260184133933,21.01978715618723,-23.91028888782631,-23.38015239405654,-11.353560339676704,-9.615775508696705,26.35817260081122,26.971534857618693,13.7964392606792,14.268026146765028,13.791447508307476,14.078737345721395
0.951951951951952,-36.49141317347377,-35.55261526874513,20.088552818206125,21.301155461887845,-36.49215470834657,-35.286553568574114,7.506680543097791,8.103230598547448,1.2304837453005355,2.880425539830939,26.364252091482772,21.02163099738972,-23.910287905280004,-23.3797770250686,-11.353551484492012,-9.608926858819544,26.358169974878415,26.972429222796215,13.796431978419788,14.2681070345205,13.7914454602644,14.078177155274394
0.9529529529529528,-36.491397058005006,-35.55021060694669,20.08853553573756,21.305454393504704,-36.49213570339859,-35.28368616929153,7.506680681163901,8.103702440707641,1.2304759174446862,2.887982890035534,26.36424399133129,21.023482505154163,-23.91028693712315,-23.379397877753846,-11.353542575378054,-9.602003565425486,26.358167367638934,26.97333273425087,13.796424702052043,14.268188616322204,13.791443418593865,14.077611781622146
0.953953953953954,-36.4913809530968,-35.54778308650605,20.088518278224623,21.30980464849773,-36.49211676535359,-35.280804707150544,7.506680810097617,8.104173287479135,1.2304680891725934,2.895636344191972,26.364235884308936,21.0253417516067,-23.91028598306998,-23.37901477629826,-11.353533614036357,-9.595003987661267,26.35816477880892,26.974245641045677,13.796417431740515,14.268271004712371,13.791441383260995,14.07704117215027
0.954954954954955,-36.49136485921138,-35.545332198926275,20.088501045754967,21.314207452128226,-36.49209789335018,-35.27790900339314,7.506680930165876,8.104643090523808,1.2304602606553163,2.903388349209697,26.364227771028872,21.02720880963673,-23.910285042840016,-23.378627536296978,-11.35352460213172,-9.587926433139673,26.358162208108812,26.97516820092813,13.79641016764618,14.26835431901871,13.79143935423074,14.076465273972289
0.955955955955956,-36.4913487767999,-35.54285742037872,20.088483838415343,21.318664069888065,-36.49207908654616,-35.2749988760925,7.50668104162854,8.105111799485227,1.2304524320646115,2.911241436122929,26.364219652088327,21.02908375288272,-23.910284116157975,-23.37823596428421,-11.353515541292952,-9.58076915590965,26.358159655263293,26.976100680699947,13.796402909926485,14.268438685760792,13.791437331467858,14.075884033973468
0.9569569569569568,-36.4913327063027,-35.54035821112886,20.088466656291573,21.32317580908204,-36.492060344118094,-35.27207414007753,7.506681144738564,8.105579361892248,1.2304446035728218,2.9191982237001883,26.364211528068974,21.030966655716163,-23.91028320275368,-23.37783985723442,-11.35350643311359,-9.573530354330302,26.35815712000123,26.97704335660511,13.796395658735417,14.268524239082613,13.791435314936953,14.075297398859176
0.957957957957958,-36.491316648149464,-35.53783401493707,20.088449499468517,21.327744020480292,-36.492041665260906,-35.26913460685508,7.506681239742161,8.106045723057367,1.2304367753527683,2.9272614222350786,26.36420339953728,21.032857593223518,-23.91028230236196,-23.37743900203282,-11.353497279152592,-9.56620816884353,26.35815460205562,26.97799651473732,13.79638841422356,14.268611121213132,13.791433304602482,14.074705315208135
0.958958958958959,-36.49130060275949,-35.53528425843323,20.08843236803004,21.332370100044077,-36.4920230491874,-35.266180084530056,7.506681326878966,8.10651082596949,1.230428947577647,2.935433837528523,26.36419526704485,21.034756641185997,-23.91028141472257,-23.377033174913116,-11.353488080935046,-9.55880067963976,26.358152101163512,26.978960451467866,13.79638117653816,14.268699482956794,13.791431300428783,14.074107729530992
0.95995995995996,-36.49128457054183,-35.53270835046384,20.08841526205898,21.337055490728183,-36.4920044951279,-35.26321037772303,7.506681406382195,8.106974611180789,1.2304211204209283,2.943718375073254,26.36418713112878,21.036663876057016,-23.9102805395801,-23.37662214086027,-11.353478839952832,-9.55130590421083,26.358149617065976,26.979935473895157,13.796373945823168,14.268789484216137,13.79142930238009,14.073504588334652
0.960960960960961,-36.49126855189555,-35.5301056814103,20.08839818163712,21.341801684363432,-36.491986002329824,-35.26022528748548,7.506681478478799,8.107437016687257,1.230413294056259,2.952118044452002,26.364178992311984,21.038579374937118,-23.910279676683896,-23.376205652975838,-11.353469557665308,-9.543721794783815,26.35814714950803,26.9809219003171,13.79636672221931,14.268881294548782,13.791427310420524,14.072895838192892
0.961961961961962,-36.49125254720988,-35.527475622476956,20.088381126845164,21.346610223622847,-36.4919675700573,-35.257224611212564,7.506681543389618,8.107897977802608,1.230405468657372,2.9606359639615314,26.364170851103516,21.040503215546167,-23.91027882578797,-23.375783451803336,-11.353460235499943,-9.53604623562907,26.3581446982386,26.981920060727646,13.79635950586413,14.26897509376128,13.791425324514146,14.072281425823777
0.9629629629629628,-36.49123655686445,-35.52481752494752,20.088364097762703,21.351482704075167,-36.49194919759076,-35.25420814255316,7.506681601329529,8.108357427025064,1.2303976443979918,2.969275365475366,26.364162707998897,21.042435476192594,-23.91027798665092,-23.37535526461087,-11.353450874852976,-9.52827704023547,26.358142263010446,26.982930297338932,13.796352296892056,14.269071072542456,13.791423344624937,14.071661298174464
0.963963963963964,-36.49122058122943,-35.52213071940821,20.088347094468205,21.356420776329514,-36.49193088422662,-35.251175671317306,7.506681652507589,8.108815293896614,1.2303898214517512,2.9780395995588487,26.36415456348042,21.044376235739474,-23.910277159035836,-23.374920804627994,-11.353441477090028,-9.520411948345298,26.358139843580123,26.983952965130467,13.796345095434448,14.269169433139119,13.791421370716828,14.07103540251404
0.964964964964965,-36.49120462066576,-35.51941451493606,20.088330117038975,21.36142614827515,-36.491912629276825,-35.24812698338075,7.506681697127183,8.109271504854256,1.2303819999921055,2.9869321408509593,26.364146418017462,21.046325573567163,-23.910276342710244,-23.374479770233645,-11.353432043546732,-9.512448622840834,26.35813743970792,26.984988432426967,13.796337901619642,14.269270390077223,13.79141940275372,14.070403686535084
0.965965965965966,-36.49118867552532,-35.5166681982507,20.08831316555115,21.366500587420308,-36.49189443206857,-35.24506186058664,7.506681735386158,8.109725983072705,1.230374180192252,2.995956593728188,26.364138272066793,21.04828356953224,-23.910275537446008,-23.374031844091682,-11.353422575529336,-9.504384646474099,26.35813505115782,26.986037081506524,13.796330715573024,14.269374170931798,13.79141744069948,14.069766098464688
0.9669669669669668,-36.49117274615109,-35.513891032827786,20.088296240079664,21.371645923334246,-36.49187629194389,-35.24198008064416,7.506681767476961,8.110178648298046,1.2303663622250531,3.0051166982666504,26.364130126072837,21.050250303922464,-23.91027474301926,-23.373576692230326,-11.353413074315286,-9.496217518430772,26.358132677697434,26.98709930924089,13.796323537417058,14.26948101714924,13.791415484517971,14.069122587185792
0.967967967967968,-36.491156832877365,-35.51108225797228,20.08827934069824,21.376864050196676,-36.49185820825934,-35.23888141702404,7.506681793586773,8.110629416671713,1.2303585462629605,3.0144163365195844,26.364121980467996,21.052225857407418,-23.91027395921033,-23.373113963061506,-11.35340354115383,-9.487944650718651,26.358130319097953,26.988175527769776,13.796316367271343,14.269591184925828,13.791413534173044,14.068473102369678
0.968968968968969,-36.491140936029886,-35.5082410878495,20.088262467479364,21.38215692945887,-36.49184018038565,-35.23576563885078,7.506681813897638,8.111078200544204,1.2303507324779432,3.023859539128356,26.364113835672903,21.054210310984523,-23.91027318580365,-23.372643286335826,-11.353393977266563,-9.479563364370447,26.358127975134103,26.989266165211234,13.796309205252676,14.269704946146641,13.791411589628568,14.06781759462064
0.96996996996997,-36.491125055926034,-35.50536671047209,20.088245620494277,21.387526592620677,-36.49182220770741,-35.232632510791525,7.506681828586589,8.111524908277843,1.230342921041419,3.0334504922861516,26.364105692096715,21.05620374592005,-23.91027242258771,-23.37216427202853,-11.353384383848011,-9.471070885450033,26.358125645584103,26.990371666410226,13.796302051475076,14.269822589389369,13.791409650848433,14.067156015633845
0.970970970970971,-36.491109192874994,-35.50245828664055,20.088228799812953,21.392975144127853,-36.491804289622706,-35.22948179294141,7.506681837825775,8.111969444037875,1.230335112124187,3.0431935450746166,26.36409755013737,21.05820624368475,-23.91027166935496,-23.371676509151506,-11.353374762066164,-9.462464340850572,26.35812333022959,26.991492493727748,13.796294906049852,14.26994442099789,13.791407717796554,14.066488318367565
0.971971971971972,-36.49109334717792,-35.499514948835206,20.08821200550408,21.398504764393877,-36.49178642554285,-35.2263132407052,7.506681841782582,8.11241170757114,1.2303273058963649,3.053093217194844,26.364089410181844,21.06021788588366,-23.910270925901767,-23.37117956448593,-11.353365113063024,-9.453740753872225,26.358121028855592,26.992629127872913,13.796287769085644,14.270070766230859,13.791405790436905,14.065814457231017
0.9729729729729728,-36.49107751912809,-35.496535800057295,20.08819523763506,21.40411771295063,-36.49176861489203,-35.22312660467523,7.5066818406197475,8.11285159397148,1.230319502527326,3.0631542071152955,26.36408127260643,21.062238754179678,-23.91027019202831,-23.370672981229887,-11.353355437955129,-9.444897039566285,26.35811874125048,26.993782068780646,13.79628064068846,14.270201970490964,13.791403868733491,14.065134388289186
0.973973973973974,-36.491061709011056,-35.49351991261662,20.088178496271983,21.409816331731985,-36.49175085710704,-35.219921630505276,7.506681834495485,8.113288993431032,1.2303117021856416,3.0733814006604705,26.36407313777698,21.064268930210382,-23.910269467538544,-23.370156277554653,-11.353345737834069,-9.435929999831796,26.358116467205917,26.99495183653774,13.79627352096174,14.270338400640975,13.791401952650409,14.06444806948611
0.974974974974975,-36.49104591710481,-35.49046632686331,20.08816178147963,21.415603048494358,-36.49173315163696,-35.21669805878039,7.506681823563589,8.113723790976428,1.2303039050390243,3.083779880065399,26.364065006049124,21.066308495497605,-23.91026875224011,-23.369628945063052,-11.35333601376701,-9.426836318249762,26.3581142065168,26.996138972360285,13.796266410006378,14.270480446413186,13.791400042151796,14.063755460888265
0.975975975975976,-36.49103014367995,-35.48737404986101,20.08814509332145,21.421480380377965,-36.49171549794288,-35.21345562488241,7.506681807973553,8.114155866188915,1.230296111254274,3.0943549335223373,26.36405687776855,21.06835753134919,-23.9102680459443,-23.36909044714267,-11.353326266797172,-9.417612554639113,26.358111958981237,26.99734403962559,13.79625930792079,14.2706285219194,13.791398137201892,14.063056524949804
0.9769769769769768,-36.49101438899979,-35.48424205399867,20.088128431859555,21.42745093761231,-36.49169789549761,-35.21019405885101,7.506681787870673,8.1145850929073,1.2302883209972253,3.1051120652473805,26.36404875327123,21.07041611875232,-23.910267348465943,-23.368540217206192,-11.35331649794433,-9.40825513931752,26.358109724400475,26.99856762496205,13.796252214800935,14.270783067269145,13.79139623776502,14.062351226801596
0.977977977977978,-36.49099865332053,-35.481069275538175,20.088111797154713,21.433517427368972,-36.49168034378538,-35.20691308524013,7.506681763396155,8.11501133891256,1.2302805344326988,3.116057006096048,26.36404063288362,21.0724843382578,-23.91026665962339,-23.36797765681054,-11.353306708205292,-9.398760367049103,26.35810750257888,26.999810339400444,13.796245130740378,14.27094455030445,13.7913943438056,14.061639534566167
0.978978978978979,-36.49098293689142,-35.47785461309474,20.08809518926634,21.439682657764344,-36.49166284230163,-35.20361242296953,7.506681734687219,8.11543446559287,1.2302727517244538,3.127195724758261,26.36403251692292,21.0745622698546,-23.910265979238417,-23.36740213364591,-11.353296898554373,-9.389124390659852,26.358105293323884,27.001072819590615,13.79623805583031,14.271113468460186,13.79139245528816,14.060921419700845
0.97997997997998,-36.49096723995485,-35.47459692604706,20.08807860825249,21.44594954201428,-36.49164539055267,-35.20029178517126,7.506681701877201,8.115854327587709,1.230264973035143,3.138534439564472,26.364024405697283,21.076649992833858,-23.910265307136193,-23.366812979384985,-11.35328706994384,-9.379343214300341,26.358103096445937,27.002355729087544,13.796230990159607,14.27129035075965,13.791390572177342,14.060196857371619
0.980980980980981,-36.49095156274653,-35.471295032873996,20.088062054169857,21.452321102741976,-36.49162798805548,-35.19695087903093,7.506681665095651,8.116270772409605,1.2302571985262687,3.150079630936049,26.364016299506027,21.078747585641644,-23.91026464314519,-23.366209487382072,-11.353277223304383,-9.369412686334025,26.35810091175846,27.00365975971122,13.796223933814872,14.27147575995589,13.791388694437904,14.059465826860457
0.981981981981982,-36.49093590549561,-35.4679477094145,20.088045527073756,21.458800476439333,-36.49161063433741,-35.19358940562338,7.506681624468428,8.116683640041998,1.2302494283581429,3.1618380545142735,26.364008198639844,21.080855125719538,-23.910263987097142,-23.365590910210994,-11.353267359545558,-9.359328491827899,26.35809873907782,27.004985632984916,13.796216886880451,14.271670294830095,13.791386822034736,14.058728312009093
0.9829829829829828,-36.490920268424816,-35.46455368704757,20.088029027018138,21.465390918081045,-36.491593328935984,-35.19020705974266,7.506681580117797,8.117092762511547,1.2302416626898465,3.173816755003533,26.364000103381013,21.082972689332145,-23.910263338826987,-23.36495645702978,-11.353257479556202,-9.3490861446209,26.35809657822328,27.006334101656876,13.7962098494385,14.27187459265921,13.791384954932866,14.057984301702524
0.983983983983984,-36.49090465175057,-35.46111165078855,20.08801255405556,21.472095805889246,-36.49157607139859,-35.186803529725964,7.5066815321625215,8.117497963433127,1.2302339016791943,3.1860230807653718,26.3639920140036,21.085100351380568,-23.910262698172797,-23.364305290759372,-11.35324758420488,-9.338680978943758,26.35809442901694,27.00770595131063,13.796202821569011,14.272089331865999,13.791383093097457,14.057233790395832
0.984984984984985,-36.49088905568313,-35.45762023729855,20.087996108237217,21.47891864624493,-36.491558861282314,-35.18337849727124,7.506681480717951,8.117899057525626,1.2302261454826977,3.19846469920101,26.36398393077365,21.087238185200768,-23.910262064975736,-23.36363652506255,-11.353237674340292,-9.328108140562325,26.35809229128373,27.009102002069604,13.796195803349852,14.27231523486572,13.791381236493825,14.056476778688221
0.985985985985986,-36.490873480426714,-35.45407803280325,20.08797968961291,21.48586307874047,-36.49154169815365,-35.179931637248266,7.50668142589611,8.118295850096477,1.2302183942555311,3.211149612960687,26.36397585394937,21.089386262345677,-23.910261439079992,-23.362949221108384,-11.35322775079169,-9.31736257741463,26.358090164851337,27.010523110401994,13.7961887948568,14.27255307112469,13.791379385087431,14.055713273948525
0.986986986986987,-36.49085792617962,-35.45048357091765,20.08796329823106,21.492932881365167,-36.4915245815883,-35.17646261750277,7.506681367805785,8.118688136492786,1.230210648151502,3.2240861770186555,26.36396778378135,21.091544652349878,-23.910260820332734,-23.362242384106402,-11.353217814369271,-9.306439029709997,26.358088049550187,27.011970171032274,13.796181796163582,14.272803660447249,13.791377538843909,14.054943290996897
0.987987987987988,-36.49084239313435,-35.446835330373105,20.087946934138696,21.50013197581323,-36.491507511170965,-35.17297109865334,7.5066813065526095,8.119075701516692,1.2302029073230183,3.2372831166528058,26.363959720512717,21.093713422475545,-23.910260208584052,-23.361514959593666,-11.353207865864588,-9.29533201945657,26.3580859452134,27.01344411896613,13.796174807341911,14.273067876508788,13.79137569772904,14.054166852847747
0.988988988988989,-36.49082688147772,-35.44313173264326,20.08793059738147,21.507464432900196,-36.491490486495096,-35.169456733880715,7.506681242239141,8.119458318802481,1.2301951719210624,3.2507495463676177,26.36395166437932,21.095892637438272,-23.910259603686903,-23.360765829456714,-11.353197906050902,-9.28403583938145,26.358083851676746,27.014945931636007,13.796167828461527,14.27334665065393,13.791373861708792,14.05338399151952
0.98998998998999,-36.49081139139099,-35.43937113946529,20.08791428800364,21.51493447807026,-36.4914735071627,-35.16591916870912,7.506681174964948,8.119835750152758,1.2301874420951615,3.2644949897983264,26.36394361560992,21.098082359111324,-23.910259005497064,-23.359993807669237,-11.353187935683604,-9.272544541205514,26.358081768778604,27.016476631174974,13.79616085959022,14.273640975980245,13.7913720307493,14.05259474891742
0.990990990990991,-36.49079592304996,-35.43555185025319,20.087898006048093,21.522546496972463,-36.491456572784145,-35.16235804077918,7.506681104826681,8.12020774483084,1.2301797179933656,3.2785294006327312,26.36393557442634,21.10028264620674,-23.91025841387308,-23.359197635725117,-11.353177955500554,-9.260851923232558,26.358079696359948,27.018037286827,13.796153900793872,14.273951911729434,13.79137020481687,14.05179917779574
0.991991991991992,-36.4907804766251,-35.43167209940001,20.08788175155632,21.530305041078734,-36.49143968297793,-35.15877297961211,7.5066810319181565,8.120574038806296,1.23017199976222,3.2928631845848018,26.363927541043655,21.102493553931637,-23.91025782867621,-23.35837597774518,-11.35316796622246,-9.248951517210118,26.35807763426428,27.019629017502297,13.79614695213649,14.274280588009415,13.791368383878003,14.050997342807074
0.992992992992993,-36.490765052281645,-35.427730053466014,20.087865524568443,21.538214833310704,-36.491422837370514,-35.15516360636447,7.506680956330425,8.120934353950396,1.230164287546747,3.3075072224509943,26.363919515670354,21.10471513361796,-23.91025724977039,-23.357527415234877,-11.353157968553226,-9.236836574416728,26.35807558233761,27.021252994486886,13.796140013680244,14.274628210872327,13.79136656789939,14.050189321646382
0.993993993993994,-36.49074965017972,-35.423723808250315,20.0878493251232,21.5462807736355,-36.4914060355961,-35.15152953357328,7.506680878151847,8.121288397177954,1.2301565814904205,3.322472894275744,26.36391149850847,21.106947432323796,-23.91025667702216,-23.356650441468762,-11.35314796318031,-9.224500050927821,26.35807354042841,27.022910444316047,13.796133085485488,14.274996067775149,13.7913647568479,14.049375206298604
0.994994994994995,-36.49073427047444,-35.41965138574374,20.087833153257954,21.55450794458264,-36.49138927729646,-35.14787036489072,7.506680797468164,8.121635859531908,1.2301488817351514,3.3377721046467115,26.36390348975379,21.109190492404306,-23.910256110300654,-23.355743455476507,-11.353137950775064,-9.211934592009875,26.358071508387592,27.0246026518219,13.796126167610804,14.275385533451242,13.791362950690614,14.048555104399313
0.995995995995996,-36.490718913315995,-35.41551073096132,20.087817009008702,21.562901616624984,-36.491372562120766,-35.14418569480794,7.506680714362567,8.121976415206664,1.2301411884212654,3.353417309132752,26.36389548959595,21.111444351050203,-23.910255549477515,-23.354804755604093,-11.353127931993065,-9.199132515589625,26.358069486068462,27.02633096336593,13.796119260113027,14.275798076222896,13.7913611493948,14.047729140718769
0.996996996996997,-36.49070357884976,-35.41129970865355,20.08780089241008,21.571467253356186,-36.49135588972536,-35.140475108367326,7.506680628915765,8.122309720506049,1.2301335016874886,3.369421541867865,26.363887498218652,21.113709039791605,-23.910254994426875,-23.35383253262272,-11.353117907474449,-9.186085794742548,26.35806747332668,27.028096790267764,13.796112363047284,14.276235264786525,13.791359352927932,14.046897458780693
0.997997997997998,-36.49068826721643,-35.40701609989615,20.087784803495353,21.580210516384785,-36.49133925977363,-35.13673818086257,7.506680541206051,8.12263541273145,1.2301258216709303,3.3857984442721967,26.363879515799734,21.11598458396501,-23.9102544450253,-23.352824862357224,-11.353107877844232,-9.172786039142062,26.358065470020247,27.029901612442252,13.796105476467014,14.276698775503839,13.791357561257696,14.046060222628096
0.998998998998999,-36.49067297855205,-35.40265759855937,20.087768742296433,21.589137269851204,-36.49132267193581,-35.13297447752575,7.506680451309367,8.122953108995445,1.2301181485070711,3.4025622948860352,26.363871542511387,21.118271002141036,-23.910253901151748,-23.35177969780508,-11.353097843712632,-9.159224475408298,26.358063476009445,27.03174698225725,13.796098600424004,14.277190400233788,13.79135577435198,14.045217618749575
1.0,-36.49065771298818,-35.398221807658935,20.087752708843883,21.598253584457908,-36.49130612588883,-35.129183553200654,7.506680359299366,8.12326240495604,1.2301104823297462,3.419728040274056,26.363863578520235,21.1205683055105,-23.910253362687527,-23.350694860716825,-11.353087805675369,-9.145391926292746,26.35806149115682,27.03363452862523,13.79609173496842,14.277712054741409,13.79135399217889,14.04436985818074
